SetLocation,-1778.684365,242.318251,-2190.469002
SetRotation,0.456665,0.000000,-0.889639,0.000000,1.000000,0.000000,0.889639,0.000000,0.456665
EndFrame
SetLocation,-1778.684365,242.318251,-2190.469002
SetRotation,0.456665,0.000000,-0.889639,0.000000,1.000000,0.000000,0.889639,0.000000,0.456665
EndFrame
SetLocation,-1778.684365,242.318251,-2190.469002
SetRotation,0.456665,0.000000,-0.889639,0.000000,1.000000,0.000000,0.889639,0.000000,0.456665
EndFrame
SetLocation,-1778.684365,242.318251,-2190.469002
SetRotation,0.456665,0.000000,-0.889639,0.000000,1.000000,0.000000,0.889639,0.000000,0.456665
EndFrame
SetLocation,-1778.684365,242.318251,-2190.469002
SetRotation,0.456665,0.000000,-0.889639,0.000000,1.000000,0.000000,0.889639,0.000000,0.456665
EndFrame
SetLocation,-1778.684365,242.318251,-2190.469002
SetRotation,0.456665,0.000000,-0.889639,0.000000,1.000000,0.000000,0.889639,0.000000,0.456665
EndFrame
SetLocation,-1778.684365,242.318251,-2190.469002
SetRotation,0.456665,0.000000,-0.889639,0.000000,1.000000,0.000000,0.889639,0.000000,0.456665
EndFrame
SetLocation,-1778.684365,242.318251,-2190.469002
SetRotation,0.456665,0.000000,-0.889639,0.000000,1.000000,0.000000,0.889639,0.000000,0.456665
EndFrame
SetLocation,-1778.684365,242.318251,-2190.469002
SetRotation,0.456665,0.000000,-0.889639,0.000000,1.000000,0.000000,0.889639,0.000000,0.456665
EndFrame
SetLocation,-1778.684365,242.318251,-2190.469002
SetRotation,0.456665,0.000000,-0.889639,0.000000,1.000000,0.000000,0.889639,0.000000,0.456665
EndFrame
SetLocation,-1778.684365,242.318251,-2190.469002
SetRotation,0.456665,0.000000,-0.889639,0.000000,1.000000,0.000000,0.889639,0.000000,0.456665
EndFrame
SetLocation,-1778.684365,242.318251,-2190.469002
SetRotation,0.456665,0.000000,-0.889639,0.000000,1.000000,0.000000,0.889639,0.000000,0.456665
EndFrame
SetLocation,-1778.684365,242.318251,-2190.469002
SetRotation,0.456665,0.000000,-0.889639,0.000000,1.000000,0.000000,0.889639,0.000000,0.456665
EndFrame
SetLocation,-1778.684365,242.318251,-2190.469002
SetRotation,0.456665,0.000000,-0.889639,0.000000,1.000000,0.000000,0.889639,0.000000,0.456665
EndFrame
SetLocation,-1778.684365,242.318251,-2190.469002
SetRotation,0.456665,0.000000,-0.889639,0.000000,1.000000,0.000000,0.889639,0.000000,0.456665
EndFrame
SetLocation,-1778.684365,242.318251,-2190.469002
SetRotation,0.456665,0.000000,-0.889639,0.000000,1.000000,0.000000,0.889639,0.000000,0.456665
EndFrame
SetLocation,-1778.684365,242.318251,-2190.469002
SetRotation,0.456665,0.000000,-0.889639,0.000000,1.000000,0.000000,0.889639,0.000000,0.456665
EndFrame
SetLocation,-1778.684365,242.318251,-2190.469002
SetRotation,0.456665,0.000000,-0.889639,0.000000,1.000000,0.000000,0.889639,0.000000,0.456665
EndFrame
SetLocation,-1778.684365,242.318251,-2190.469002
SetRotation,0.456665,0.000000,-0.889639,0.000000,1.000000,0.000000,0.889639,0.000000,0.456665
EndFrame
SetLocation,-1778.684365,242.318251,-2190.469002
SetRotation,0.456665,0.000000,-0.889639,0.000000,1.000000,0.000000,0.889639,0.000000,0.456665
EndFrame
SetLocation,-1778.684365,242.318251,-2190.469002
SetRotation,0.456665,0.000000,-0.889639,0.000000,1.000000,0.000000,0.889639,0.000000,0.456665
EndFrame
SetLocation,-1778.684365,242.318251,-2190.469002
SetRotation,0.456665,0.000000,-0.889639,0.000000,1.000000,0.000000,0.889639,0.000000,0.456665
EndFrame
SetLocation,-1778.684365,242.318251,-2190.469002
SetRotation,0.456665,0.000000,-0.889639,0.000000,1.000000,0.000000,0.889639,0.000000,0.456665
EndFrame
SetLocation,-1778.684365,242.318251,-2190.469002
SetRotation,0.456665,0.000000,-0.889639,0.000000,1.000000,0.000000,0.889639,0.000000,0.456665
EndFrame
SetLocation,-1778.684365,242.318251,-2190.469002
SetRotation,0.456665,0.000000,-0.889639,0.000000,1.000000,0.000000,0.889639,0.000000,0.456665
EndFrame
SetLocation,-1778.684365,242.318251,-2190.469002
SetRotation,0.456665,0.000000,-0.889639,0.000000,1.000000,0.000000,0.889639,0.000000,0.456665
EndFrame
SetLocation,-1778.684365,242.318251,-2190.469002
SetRotation,0.456665,0.000000,-0.889639,0.000000,1.000000,0.000000,0.889639,0.000000,0.456665
EndFrame
SetLocation,-1778.684365,242.318251,-2190.469002
SetRotation,0.456665,0.000000,-0.889639,0.000000,1.000000,0.000000,0.889639,0.000000,0.456665
EndFrame
SetLocation,-1778.684365,242.318251,-2190.469002
SetRotation,0.456665,0.000000,-0.889639,0.000000,1.000000,0.000000,0.889639,0.000000,0.456665
EndFrame
SetLocation,-1778.684365,242.318251,-2190.469002
SetRotation,0.456665,0.000000,-0.889639,0.000000,1.000000,0.000000,0.889639,0.000000,0.456665
EndFrame
SetLocation,-1778.684365,242.318251,-2190.469002
SetRotation,0.456665,0.000000,-0.889639,0.000000,1.000000,0.000000,0.889639,0.000000,0.456665
EndFrame
SetLocation,-1778.684365,242.318251,-2190.469002
SetRotation,0.456665,0.000000,-0.889639,0.000000,1.000000,0.000000,0.889639,0.000000,0.456665
EndFrame
SetLocation,-1778.684365,242.318251,-2190.469002
SetRotation,0.456665,0.000000,-0.889639,0.000000,1.000000,0.000000,0.889639,0.000000,0.456665
EndFrame
SetLocation,-1778.684365,242.318251,-2190.469002
SetRotation,0.456665,0.000000,-0.889639,0.000000,1.000000,0.000000,0.889639,0.000000,0.456665
EndFrame
SetLocation,-1778.684365,242.318251,-2190.469002
SetRotation,0.456665,0.000000,-0.889639,0.000000,1.000000,0.000000,0.889639,0.000000,0.456665
EndFrame
SetLocation,-1778.684365,242.318251,-2190.469002
SetRotation,0.456665,0.000000,-0.889639,0.000000,1.000000,0.000000,0.889639,0.000000,0.456665
EndFrame
SetLocation,-1778.684365,242.318251,-2190.469002
SetRotation,0.456665,0.000000,-0.889639,0.000000,1.000000,0.000000,0.889639,0.000000,0.456665
EndFrame
SetLocation,-1778.684365,242.318251,-2190.469002
SetRotation,0.456665,0.000000,-0.889639,0.000000,1.000000,0.000000,0.889639,0.000000,0.456665
EndFrame
SetLocation,-1778.684365,242.318251,-2190.469002
SetRotation,0.456665,0.000000,-0.889639,0.000000,1.000000,0.000000,0.889639,0.000000,0.456665
EndFrame
SetLocation,-1778.684365,242.318251,-2190.469002
SetRotation,0.456665,0.000000,-0.889639,0.000000,1.000000,0.000000,0.889639,0.000000,0.456665
EndFrame
SetLocation,-1778.684365,242.318251,-2190.469002
SetRotation,0.456665,0.000000,-0.889639,0.000000,1.000000,0.000000,0.889639,0.000000,0.456665
EndFrame
SetLocation,-1778.684365,242.318251,-2190.469002
SetRotation,0.456665,0.000000,-0.889639,0.000000,1.000000,0.000000,0.889639,0.000000,0.456665
EndFrame
SetLocation,-1778.684365,242.318251,-2190.469002
SetRotation,0.456665,0.000000,-0.889639,0.000000,1.000000,0.000000,0.889639,0.000000,0.456665
EndFrame
SetLocation,-1778.684365,242.318251,-2190.469002
SetRotation,0.456665,0.000000,-0.889639,0.000000,1.000000,0.000000,0.889639,0.000000,0.456665
EndFrame
SetLocation,-1778.684365,242.318251,-2190.469002
SetRotation,0.456665,0.000000,-0.889639,0.000000,1.000000,0.000000,0.889639,0.000000,0.456665
EndFrame
SetLocation,-1778.684365,242.318251,-2190.469002
SetRotation,0.456665,0.000000,-0.889639,0.000000,1.000000,0.000000,0.889639,0.000000,0.456665
EndFrame
SetLocation,-1778.684365,242.318251,-2190.469002
SetRotation,0.456665,0.000000,-0.889639,0.000000,1.000000,0.000000,0.889639,0.000000,0.456665
EndFrame
SetLocation,-1778.684365,242.318251,-2190.469002
SetRotation,0.456665,0.000000,-0.889639,0.000000,1.000000,0.000000,0.889639,0.000000,0.456665
EndFrame
SetLocation,-1778.684365,242.318251,-2190.469002
SetRotation,0.456665,0.000000,-0.889639,0.000000,1.000000,0.000000,0.889639,0.000000,0.456665
EndFrame
SetLocation,-1778.684365,242.318251,-2190.469002
SetRotation,0.456665,0.000000,-0.889639,0.000000,1.000000,0.000000,0.889639,0.000000,0.456665
EndFrame
SetLocation,-1778.684365,242.318251,-2190.469002
SetRotation,0.456665,0.000000,-0.889639,0.000000,1.000000,0.000000,0.889639,0.000000,0.456665
EndFrame
SetLocation,-1778.684365,242.318251,-2190.469002
SetRotation,0.456665,0.000000,-0.889639,0.000000,1.000000,0.000000,0.889639,0.000000,0.456665
EndFrame
SetLocation,-1778.684365,242.318251,-2190.469002
SetRotation,0.456665,0.000000,-0.889639,0.000000,1.000000,0.000000,0.889639,0.000000,0.456665
EndFrame
SetLocation,-1778.684365,242.318251,-2190.469002
SetRotation,0.456665,0.000000,-0.889639,0.000000,1.000000,0.000000,0.889639,0.000000,0.456665
EndFrame
SetLocation,-1778.684365,242.318251,-2190.469002
SetRotation,0.456665,0.000000,-0.889639,0.000000,1.000000,0.000000,0.889639,0.000000,0.456665
EndFrame
SetLocation,-1778.684365,242.318251,-2190.469002
SetRotation,0.456665,0.000000,-0.889639,0.000000,1.000000,0.000000,0.889639,0.000000,0.456665
EndFrame
SetLocation,-1778.684365,242.318251,-2190.469002
SetRotation,0.456665,0.000000,-0.889639,0.000000,1.000000,0.000000,0.889639,0.000000,0.456665
EndFrame
SetLocation,-1778.684365,242.318251,-2190.469002
SetRotation,0.456665,0.000000,-0.889639,0.000000,1.000000,0.000000,0.889639,0.000000,0.456665
EndFrame
SetLocation,-1778.684365,242.318251,-2190.469002
SetRotation,0.456665,0.000000,-0.889639,0.000000,1.000000,0.000000,0.889639,0.000000,0.456665
EndFrame
SetLocation,-1778.684365,242.318251,-2190.469002
SetRotation,0.456665,0.000000,-0.889639,0.000000,1.000000,0.000000,0.889639,0.000000,0.456665
EndFrame
SetLocation,-1778.684365,242.318251,-2190.469002
SetRotation,0.456665,0.000000,-0.889639,0.000000,1.000000,0.000000,0.889639,0.000000,0.456665
EndFrame
SetLocation,-1778.684365,242.318251,-2190.469002
SetRotation,0.456665,0.000000,-0.889639,0.000000,1.000000,0.000000,0.889639,0.000000,0.456665
EndFrame
SetLocation,-1778.684365,242.318251,-2190.469002
SetRotation,0.456665,0.000000,-0.889639,0.000000,1.000000,0.000000,0.889639,0.000000,0.456665
EndFrame
SetLocation,-1778.684365,242.318251,-2190.469002
SetRotation,0.456665,0.000000,-0.889639,0.000000,1.000000,0.000000,0.889639,0.000000,0.456665
EndFrame
SetLocation,-1778.684365,242.318251,-2190.469002
SetRotation,0.456665,0.000000,-0.889639,0.000000,1.000000,0.000000,0.889639,0.000000,0.456665
EndFrame
SetLocation,-1778.684365,242.318251,-2190.469002
SetRotation,0.456665,0.000000,-0.889639,0.000000,1.000000,0.000000,0.889639,0.000000,0.456665
EndFrame
SetLocation,-1778.684365,242.318251,-2190.469002
SetRotation,0.456665,0.000000,-0.889639,0.000000,1.000000,0.000000,0.889639,0.000000,0.456665
EndFrame
SetLocation,-1778.684365,242.318251,-2190.469002
SetRotation,0.456665,0.000000,-0.889639,0.000000,1.000000,0.000000,0.889639,0.000000,0.456665
EndFrame
SetLocation,-1778.684365,242.318251,-2190.469002
SetRotation,0.456665,0.000000,-0.889639,0.000000,1.000000,0.000000,0.889639,0.000000,0.456665
EndFrame
SetLocation,-1778.684365,242.318251,-2190.469002
SetRotation,0.456665,0.000000,-0.889639,0.000000,1.000000,0.000000,0.889639,0.000000,0.456665
EndFrame
SetLocation,-1778.684365,242.318251,-2190.469002
SetRotation,0.456665,0.000000,-0.889639,0.000000,1.000000,0.000000,0.889639,0.000000,0.456665
EndFrame
SetLocation,-1778.684365,242.318251,-2190.469002
SetRotation,0.456665,0.000000,-0.889639,0.000000,1.000000,0.000000,0.889639,0.000000,0.456665
EndFrame
SetLocation,-1778.684365,242.318251,-2190.469002
SetRotation,0.456665,0.000000,-0.889639,0.000000,1.000000,0.000000,0.889639,0.000000,0.456665
EndFrame
SetLocation,-1778.684365,242.318251,-2190.469002
SetRotation,0.456665,0.000000,-0.889639,0.000000,1.000000,0.000000,0.889639,0.000000,0.456665
EndFrame
SetLocation,-1778.684365,242.318251,-2190.469002
SetRotation,0.456665,0.000000,-0.889639,0.000000,1.000000,0.000000,0.889639,0.000000,0.456665
EndFrame
SetLocation,-1778.684365,242.318251,-2190.469002
SetRotation,0.456665,0.000000,-0.889639,0.000000,1.000000,0.000000,0.889639,0.000000,0.456665
EndFrame
SetLocation,-1778.684365,242.318251,-2190.469002
SetRotation,0.456665,0.000000,-0.889639,0.000000,1.000000,0.000000,0.889639,0.000000,0.456665
EndFrame
SetLocation,-1778.684365,242.318251,-2190.469002
SetRotation,0.456665,0.000000,-0.889639,0.000000,1.000000,0.000000,0.889639,0.000000,0.456665
EndFrame
SetLocation,-1778.684365,242.318251,-2190.469002
SetRotation,0.456665,0.000000,-0.889639,0.000000,1.000000,0.000000,0.889639,0.000000,0.456665
EndFrame
SetLocation,-1778.684365,242.318251,-2190.469002
SetRotation,0.456665,0.000000,-0.889639,0.000000,1.000000,0.000000,0.889639,0.000000,0.456665
EndFrame
SetLocation,-1778.684365,242.318251,-2190.469002
SetRotation,0.456665,0.000000,-0.889639,0.000000,1.000000,0.000000,0.889639,0.000000,0.456665
EndFrame
SetLocation,-1778.684365,242.318251,-2190.469002
SetRotation,0.456665,0.000000,-0.889639,0.000000,1.000000,0.000000,0.889639,0.000000,0.456665
EndFrame
SetLocation,-1778.684365,242.318251,-2190.469002
SetRotation,0.456665,0.000000,-0.889639,0.000000,1.000000,0.000000,0.889639,0.000000,0.456665
EndFrame
SetLocation,-1778.684365,242.318251,-2190.469002
SetRotation,0.456665,0.000000,-0.889639,0.000000,1.000000,0.000000,0.889639,0.000000,0.456665
EndFrame
SetLocation,-1778.684365,242.318251,-2190.469002
SetRotation,0.456665,0.000000,-0.889639,0.000000,1.000000,0.000000,0.889639,0.000000,0.456665
EndFrame
SetLocation,-1778.684365,242.318251,-2190.469002
SetRotation,0.456665,0.000000,-0.889639,0.000000,1.000000,0.000000,0.889639,0.000000,0.456665
EndFrame
SetLocation,-1778.684365,242.318251,-2190.469002
SetRotation,0.456665,0.000000,-0.889639,0.000000,1.000000,0.000000,0.889639,0.000000,0.456665
EndFrame
SetLocation,-1778.684365,242.318251,-2190.469002
SetRotation,0.456665,0.000000,-0.889639,0.000000,1.000000,0.000000,0.889639,0.000000,0.456665
EndFrame
SetLocation,-1778.684365,242.318251,-2190.469002
SetRotation,0.456665,0.000000,-0.889639,0.000000,1.000000,0.000000,0.889639,0.000000,0.456665
EndFrame
SetLocation,-1778.684365,242.318251,-2190.469002
SetRotation,0.456665,0.000000,-0.889639,0.000000,1.000000,0.000000,0.889639,0.000000,0.456665
EndFrame
SetLocation,-1778.684365,242.318251,-2190.469002
SetRotation,0.456665,0.000000,-0.889639,0.000000,1.000000,0.000000,0.889639,0.000000,0.456665
EndFrame
SetLocation,-1778.684365,242.318251,-2190.469002
SetRotation,0.456665,0.000000,-0.889639,0.000000,1.000000,0.000000,0.889639,0.000000,0.456665
EndFrame
SetLocation,-1778.684365,242.318251,-2190.469002
SetRotation,0.456665,0.000000,-0.889639,0.000000,1.000000,0.000000,0.889639,0.000000,0.456665
EndFrame
SetLocation,-1778.684365,242.318251,-2190.469002
SetRotation,0.456665,0.000000,-0.889639,0.000000,1.000000,0.000000,0.889639,0.000000,0.456665
EndFrame
SetLocation,-1778.684365,242.318251,-2190.469002
SetRotation,0.456665,0.000000,-0.889639,0.000000,1.000000,0.000000,0.889639,0.000000,0.456665
EndFrame
SetLocation,-1778.684365,242.318251,-2190.469002
SetRotation,0.456665,0.000000,-0.889639,0.000000,1.000000,0.000000,0.889639,0.000000,0.456665
EndFrame
SetLocation,-1778.684365,242.318251,-2190.469002
SetRotation,0.456665,0.000000,-0.889639,0.000000,1.000000,0.000000,0.889639,0.000000,0.456665
EndFrame
SetLocation,-1778.684365,242.318251,-2190.469002
SetRotation,0.456665,0.000000,-0.889639,0.000000,1.000000,0.000000,0.889639,0.000000,0.456665
EndFrame
SetLocation,-1778.684365,242.318251,-2190.469002
SetRotation,0.456665,0.000000,-0.889639,0.000000,1.000000,0.000000,0.889639,0.000000,0.456665
EndFrame
SetLocation,-1778.684365,242.318251,-2190.469002
SetRotation,0.456665,0.000000,-0.889639,0.000000,1.000000,0.000000,0.889639,0.000000,0.456665
EndFrame
SetLocation,-1778.684365,242.318251,-2190.469002
SetRotation,0.456665,0.000000,-0.889639,0.000000,1.000000,0.000000,0.889639,0.000000,0.456665
EndFrame
SetLocation,-1778.684365,242.318251,-2190.469002
SetRotation,0.456665,0.000000,-0.889639,0.000000,1.000000,0.000000,0.889639,0.000000,0.456665
EndFrame
SetLocation,-1778.684365,242.318251,-2190.469002
SetRotation,0.456665,0.000000,-0.889639,0.000000,1.000000,0.000000,0.889639,0.000000,0.456665
EndFrame
SetLocation,-1778.684365,242.318251,-2190.469002
SetRotation,0.456665,0.000000,-0.889639,0.000000,1.000000,0.000000,0.889639,0.000000,0.456665
EndFrame
SetLocation,-1778.684365,242.318251,-2190.469002
SetRotation,0.456665,0.000000,-0.889639,0.000000,1.000000,0.000000,0.889639,0.000000,0.456665
EndFrame
SetLocation,-1778.684365,242.318251,-2190.469002
SetRotation,0.456665,0.000000,-0.889639,0.000000,1.000000,0.000000,0.889639,0.000000,0.456665
EndFrame
SetLocation,-1778.684365,242.318251,-2190.469002
SetRotation,0.456665,0.000000,-0.889639,0.000000,1.000000,0.000000,0.889639,0.000000,0.456665
EndFrame
SetLocation,-1778.684365,242.318251,-2190.469002
SetRotation,0.456665,0.000000,-0.889639,0.000000,1.000000,0.000000,0.889639,0.000000,0.456665
EndFrame
SetLocation,-1778.684365,242.318251,-2190.469002
SetRotation,0.456665,0.000000,-0.889639,0.000000,1.000000,0.000000,0.889639,0.000000,0.456665
EndFrame
SetLocation,-1778.684365,242.318251,-2190.469002
SetRotation,0.456665,0.000000,-0.889639,0.000000,1.000000,0.000000,0.889639,0.000000,0.456665
EndFrame
SetLocation,-1778.684365,242.318251,-2190.469002
SetRotation,0.456665,0.000000,-0.889639,0.000000,1.000000,0.000000,0.889639,0.000000,0.456665
EndFrame
SetLocation,-1778.684365,242.318251,-2190.469002
SetRotation,0.456665,0.000000,-0.889639,0.000000,1.000000,0.000000,0.889639,0.000000,0.456665
EndFrame
SetLocation,-1778.684365,242.318251,-2190.469002
SetRotation,0.456665,0.000000,-0.889639,0.000000,1.000000,0.000000,0.889639,0.000000,0.456665
EndFrame
SetLocation,-1778.684365,242.318251,-2190.469002
SetRotation,0.456665,0.000000,-0.889639,0.000000,1.000000,0.000000,0.889639,0.000000,0.456665
EndFrame
SetLocation,-1778.684365,242.318251,-2190.469002
SetRotation,0.456665,0.000000,-0.889639,0.000000,1.000000,0.000000,0.889639,0.000000,0.456665
EndFrame
SetLocation,-1778.684365,242.318251,-2190.469002
SetRotation,0.456665,0.000000,-0.889639,0.000000,1.000000,0.000000,0.889639,0.000000,0.456665
EndFrame
SetLocation,-1778.684365,242.318251,-2190.469002
SetRotation,0.456665,0.000000,-0.889639,0.000000,1.000000,0.000000,0.889639,0.000000,0.456665
EndFrame
SetLocation,-1778.684365,242.318251,-2190.469002
SetRotation,0.456665,0.000000,-0.889639,0.000000,1.000000,0.000000,0.889639,0.000000,0.456665
EndFrame
SetLocation,-1778.684365,242.318251,-2190.469002
SetRotation,0.456665,0.000000,-0.889639,0.000000,1.000000,0.000000,0.889639,0.000000,0.456665
EndFrame
SetLocation,-1778.684365,242.318251,-2190.469002
SetRotation,0.456665,0.000000,-0.889639,0.000000,1.000000,0.000000,0.889639,0.000000,0.456665
EndFrame
SetLocation,-1778.684365,242.318251,-2190.469002
SetRotation,0.456665,0.000000,-0.889639,0.000000,1.000000,0.000000,0.889639,0.000000,0.456665
EndFrame
SetLocation,-1778.684365,242.318251,-2190.469002
SetRotation,0.456665,0.000000,-0.889639,0.000000,1.000000,0.000000,0.889639,0.000000,0.456665
EndFrame
SetLocation,-1778.684365,242.318251,-2190.469002
SetRotation,0.456665,0.000000,-0.889639,0.000000,1.000000,0.000000,0.889639,0.000000,0.456665
EndFrame
SetLocation,-1778.684365,242.318251,-2190.469002
SetRotation,0.456665,0.000000,-0.889639,0.000000,1.000000,0.000000,0.889639,0.000000,0.456665
EndFrame
SetLocation,-1778.684365,242.318251,-2190.469002
SetRotation,0.456665,0.000000,-0.889639,0.000000,1.000000,0.000000,0.889639,0.000000,0.456665
EndFrame
SetLocation,-1778.684365,242.318251,-2190.469002
SetRotation,0.456665,0.000000,-0.889639,0.000000,1.000000,0.000000,0.889639,0.000000,0.456665
EndFrame
SetLocation,-1778.684365,242.318251,-2190.469002
SetRotation,0.456665,0.000000,-0.889639,0.000000,1.000000,0.000000,0.889639,0.000000,0.456665
EndFrame
SetLocation,-1778.684365,242.318251,-2190.469002
SetRotation,0.456665,0.000000,-0.889639,0.000000,1.000000,0.000000,0.889639,0.000000,0.456665
EndFrame
SetLocation,-1778.684365,242.318251,-2190.469002
SetRotation,0.456665,0.000000,-0.889639,0.000000,1.000000,0.000000,0.889639,0.000000,0.456665
EndFrame
SetLocation,-1778.684365,242.318251,-2190.469002
SetRotation,0.456665,0.000000,-0.889639,0.000000,1.000000,0.000000,0.889639,0.000000,0.456665
EndFrame
SetLocation,-1778.684365,242.318251,-2190.469002
SetRotation,0.456665,0.000000,-0.889639,0.000000,1.000000,0.000000,0.889639,0.000000,0.456665
EndFrame
SetLocation,-1778.684365,242.318251,-2190.469002
SetRotation,0.456665,0.000000,-0.889639,0.000000,1.000000,0.000000,0.889639,0.000000,0.456665
EndFrame
SetLocation,-1778.684365,242.318251,-2190.469002
SetRotation,0.456665,0.000000,-0.889639,0.000000,1.000000,0.000000,0.889639,0.000000,0.456665
EndFrame
SetLocation,-1778.684365,242.318251,-2190.469002
SetRotation,0.456665,0.000000,-0.889639,0.000000,1.000000,0.000000,0.889639,0.000000,0.456665
EndFrame
SetLocation,-1778.684365,242.318251,-2190.469002
SetRotation,0.456665,0.000000,-0.889639,0.000000,1.000000,0.000000,0.889639,0.000000,0.456665
EndFrame
SetLocation,-1778.684365,242.318251,-2190.469002
SetRotation,0.456665,0.000000,-0.889639,0.000000,1.000000,0.000000,0.889639,0.000000,0.456665
EndFrame
SetLocation,-1778.684365,242.318251,-2190.469002
SetRotation,0.456665,0.000000,-0.889639,0.000000,1.000000,0.000000,0.889639,0.000000,0.456665
EndFrame
SetLocation,-1778.684365,242.318251,-2190.469002
SetRotation,0.456665,0.000000,-0.889639,0.000000,1.000000,0.000000,0.889639,0.000000,0.456665
EndFrame
SetLocation,-1778.684365,242.318251,-2190.469002
SetRotation,0.456665,0.000000,-0.889639,0.000000,1.000000,0.000000,0.889639,0.000000,0.456665
EndFrame
SetLocation,-1778.684365,242.318251,-2190.469002
SetRotation,0.456665,0.000000,-0.889639,0.000000,1.000000,0.000000,0.889639,0.000000,0.456665
EndFrame
SetLocation,-1778.684365,242.318251,-2190.469002
SetRotation,0.456665,0.000000,-0.889639,0.000000,1.000000,0.000000,0.889639,0.000000,0.456665
EndFrame
SetLocation,-1778.684365,242.318251,-2190.469002
SetRotation,0.456665,0.000000,-0.889639,0.000000,1.000000,0.000000,0.889639,0.000000,0.456665
EndFrame
SetLocation,-1778.684365,242.318251,-2190.469002
SetRotation,0.456665,0.000000,-0.889639,0.000000,1.000000,0.000000,0.889639,0.000000,0.456665
EndFrame
SetLocation,-1778.684365,242.318251,-2190.469002
SetRotation,0.456665,0.000000,-0.889639,0.000000,1.000000,0.000000,0.889639,0.000000,0.456665
EndFrame
SetLocation,-1778.684365,242.318251,-2190.469002
SetRotation,0.456665,0.000000,-0.889639,0.000000,1.000000,0.000000,0.889639,0.000000,0.456665
EndFrame
SetLocation,-1778.684365,242.318251,-2190.469002
SetRotation,0.456665,0.000000,-0.889639,0.000000,1.000000,0.000000,0.889639,0.000000,0.456665
EndFrame
SetLocation,-1778.684365,242.318251,-2190.469002
SetRotation,0.456665,0.000000,-0.889639,0.000000,1.000000,0.000000,0.889639,0.000000,0.456665
EndFrame
SetLocation,-1778.684365,242.318251,-2190.469002
SetRotation,0.456665,0.000000,-0.889639,0.000000,1.000000,0.000000,0.889639,0.000000,0.456665
EndFrame
SetLocation,-1778.684365,242.318251,-2190.469002
SetRotation,0.456665,0.000000,-0.889639,0.000000,1.000000,0.000000,0.889639,0.000000,0.456665
EndFrame
SetLocation,-1778.684365,242.318251,-2190.469002
SetRotation,0.456665,0.000000,-0.889639,0.000000,1.000000,0.000000,0.889639,0.000000,0.456665
EndFrame
SetLocation,-1778.684365,242.318251,-2190.469002
SetRotation,0.456665,0.000000,-0.889639,0.000000,1.000000,0.000000,0.889639,0.000000,0.456665
EndFrame
SetLocation,-1778.684365,242.318251,-2190.469002
SetRotation,0.456665,0.000000,-0.889639,0.000000,1.000000,0.000000,0.889639,0.000000,0.456665
EndFrame
SetLocation,-1778.684365,242.318251,-2190.469002
SetRotation,0.456665,0.000000,-0.889639,0.000000,1.000000,0.000000,0.889639,0.000000,0.456665
EndFrame
SetLocation,-1778.684365,242.318251,-2190.469002
SetRotation,0.456665,0.000000,-0.889639,0.000000,1.000000,0.000000,0.889639,0.000000,0.456665
EndFrame
SetLocation,-1778.684365,242.318251,-2190.469002
SetRotation,0.456665,0.000000,-0.889639,0.000000,1.000000,0.000000,0.889639,0.000000,0.456665
EndFrame
SetLocation,-1778.684365,242.318251,-2190.469002
SetRotation,0.456665,0.000000,-0.889639,0.000000,1.000000,0.000000,0.889639,0.000000,0.456665
EndFrame
SetLocation,-1778.684365,242.318251,-2190.469002
SetRotation,0.456665,0.000000,-0.889639,0.000000,1.000000,0.000000,0.889639,0.000000,0.456665
EndFrame
SetLocation,-1778.684365,242.318251,-2190.469002
SetRotation,0.456665,0.000000,-0.889639,0.000000,1.000000,0.000000,0.889639,0.000000,0.456665
EndFrame
SetLocation,-1778.684365,242.318251,-2190.469002
SetRotation,0.456665,0.000000,-0.889639,0.000000,1.000000,0.000000,0.889639,0.000000,0.456665
EndFrame
SetLocation,-1778.684365,242.318251,-2190.469002
SetRotation,0.456665,0.000000,-0.889639,0.000000,1.000000,0.000000,0.889639,0.000000,0.456665
EndFrame
SetLocation,-1778.684365,242.318251,-2190.469002
SetRotation,0.456665,0.000000,-0.889639,0.000000,1.000000,0.000000,0.889639,0.000000,0.456665
EndFrame
SetLocation,-1778.684365,242.318251,-2190.469002
SetRotation,0.456665,0.000000,-0.889639,0.000000,1.000000,0.000000,0.889639,0.000000,0.456665
EndFrame
SetLocation,-1778.684365,242.318251,-2190.469002
SetRotation,0.456665,0.000000,-0.889639,0.000000,1.000000,0.000000,0.889639,0.000000,0.456665
EndFrame
SetLocation,-1778.684365,242.318251,-2190.469002
SetRotation,0.456665,0.000000,-0.889639,0.000000,1.000000,0.000000,0.889639,0.000000,0.456665
EndFrame
SetLocation,-1778.684365,242.318251,-2190.469002
SetRotation,0.456665,0.000000,-0.889639,0.000000,1.000000,0.000000,0.889639,0.000000,0.456665
EndFrame
SetLocation,-1778.684365,242.318251,-2190.469002
SetRotation,0.456665,0.000000,-0.889639,0.000000,1.000000,0.000000,0.889639,0.000000,0.456665
EndFrame
SetLocation,-1778.684365,242.318251,-2190.469002
SetRotation,0.456665,0.000000,-0.889639,0.000000,1.000000,0.000000,0.889639,0.000000,0.456665
EndFrame
SetLocation,-1778.684365,242.318251,-2190.469002
SetRotation,0.456665,0.000000,-0.889639,0.000000,1.000000,0.000000,0.889639,0.000000,0.456665
EndFrame
SetLocation,-1778.684365,242.318251,-2190.469002
SetRotation,0.456665,0.000000,-0.889639,0.000000,1.000000,0.000000,0.889639,0.000000,0.456665
EndFrame
SetLocation,-1778.684365,242.318251,-2190.469002
SetRotation,0.456665,0.000000,-0.889639,0.000000,1.000000,0.000000,0.889639,0.000000,0.456665
EndFrame
SetLocation,-1778.684365,242.318251,-2190.469002
SetRotation,0.456665,0.000000,-0.889639,0.000000,1.000000,0.000000,0.889639,0.000000,0.456665
EndFrame
SetLocation,-1778.684365,242.318251,-2190.469002
SetRotation,0.456665,0.000000,-0.889639,0.000000,1.000000,0.000000,0.889639,0.000000,0.456665
EndFrame
SetLocation,-1778.684365,242.318251,-2190.469002
SetRotation,0.456665,0.000000,-0.889639,0.000000,1.000000,0.000000,0.889639,0.000000,0.456665
EndFrame
SetLocation,-1778.684365,242.318251,-2190.469002
SetRotation,0.456665,0.000000,-0.889639,0.000000,1.000000,0.000000,0.889639,0.000000,0.456665
EndFrame
SetLocation,-1778.684365,242.318251,-2190.469002
SetRotation,0.456665,0.000000,-0.889639,0.000000,1.000000,0.000000,0.889639,0.000000,0.456665
EndFrame
SetLocation,-1778.684365,242.318251,-2190.469002
SetRotation,0.456665,0.000000,-0.889639,0.000000,1.000000,0.000000,0.889639,0.000000,0.456665
EndFrame
SetLocation,-1778.684365,242.318251,-2190.469002
SetRotation,0.456665,0.000000,-0.889639,0.000000,1.000000,0.000000,0.889639,0.000000,0.456665
EndFrame
SetLocation,-1778.684365,242.318251,-2190.469002
SetRotation,0.456665,0.000000,-0.889639,0.000000,1.000000,0.000000,0.889639,0.000000,0.456665
EndFrame
SetLocation,-1778.684365,242.318251,-2190.469002
SetRotation,0.456665,0.000000,-0.889639,0.000000,1.000000,0.000000,0.889639,0.000000,0.456665
EndFrame
SetLocation,-1778.684365,242.318251,-2190.469002
SetRotation,0.456665,0.000000,-0.889639,0.000000,1.000000,0.000000,0.889639,0.000000,0.456665
EndFrame
SetLocation,-1778.684365,242.318251,-2190.469002
SetRotation,0.456665,0.000000,-0.889639,0.000000,1.000000,0.000000,0.889639,0.000000,0.456665
EndFrame
SetLocation,-1778.684365,242.318251,-2190.469002
SetRotation,0.456665,0.000000,-0.889639,0.000000,1.000000,0.000000,0.889639,0.000000,0.456665
EndFrame
SetLocation,-1778.684365,242.318251,-2190.469002
SetRotation,0.456665,0.000000,-0.889639,0.000000,1.000000,0.000000,0.889639,0.000000,0.456665
EndFrame
SetLocation,-1778.684365,242.318251,-2190.469002
SetRotation,0.456665,0.000000,-0.889639,0.000000,1.000000,0.000000,0.889639,0.000000,0.456665
EndFrame
SetLocation,-1778.684365,242.318251,-2190.469002
SetRotation,0.456665,0.000000,-0.889639,0.000000,1.000000,0.000000,0.889639,0.000000,0.456665
EndFrame
SetLocation,-1778.684365,242.318251,-2190.469002
SetRotation,0.456665,0.000000,-0.889639,0.000000,1.000000,0.000000,0.889639,0.000000,0.456665
EndFrame
SetLocation,-1778.684365,242.318251,-2190.469002
SetRotation,0.456665,0.000000,-0.889639,0.000000,1.000000,0.000000,0.889639,0.000000,0.456665
EndFrame
SetLocation,-1778.684365,242.318251,-2190.469002
SetRotation,0.456665,0.000000,-0.889639,0.000000,1.000000,0.000000,0.889639,0.000000,0.456665
EndFrame
SetLocation,-1778.684365,242.318251,-2190.469002
SetRotation,0.456665,0.000000,-0.889639,0.000000,1.000000,0.000000,0.889639,0.000000,0.456665
EndFrame
SetLocation,-1778.684365,242.318251,-2190.469002
SetRotation,0.456665,0.000000,-0.889639,0.000000,1.000000,0.000000,0.889639,0.000000,0.456665
EndFrame
SetLocation,-1778.684365,242.318251,-2190.469002
SetRotation,0.456665,0.000000,-0.889639,0.000000,1.000000,0.000000,0.889639,0.000000,0.456665
EndFrame
SetLocation,-1778.684365,242.318251,-2190.469002
SetRotation,0.456665,0.000000,-0.889639,0.000000,1.000000,0.000000,0.889639,0.000000,0.456665
EndFrame
SetLocation,-1778.684365,242.318251,-2190.469002
SetRotation,0.456665,0.000000,-0.889639,0.000000,1.000000,0.000000,0.889639,0.000000,0.456665
EndFrame
SetLocation,-1778.684365,242.318251,-2190.469002
SetRotation,0.456665,0.000000,-0.889639,0.000000,1.000000,0.000000,0.889639,0.000000,0.456665
EndFrame
SetLocation,-1778.684365,242.318251,-2190.469002
SetRotation,0.456665,0.000000,-0.889639,0.000000,1.000000,0.000000,0.889639,0.000000,0.456665
EndFrame
SetLocation,-1778.684365,242.318251,-2190.469002
SetRotation,0.456665,0.000000,-0.889639,0.000000,1.000000,0.000000,0.889639,0.000000,0.456665
EndFrame
SetLocation,-1778.684365,242.318251,-2190.469002
SetRotation,0.456665,0.000000,-0.889639,0.000000,1.000000,0.000000,0.889639,0.000000,0.456665
EndFrame
SetLocation,-1778.684365,242.318251,-2190.469002
SetRotation,0.456665,0.000000,-0.889639,0.000000,1.000000,0.000000,0.889639,0.000000,0.456665
EndFrame
SetLocation,-1778.684365,242.318251,-2190.469002
SetRotation,0.456665,0.000000,-0.889639,0.000000,1.000000,0.000000,0.889639,0.000000,0.456665
EndFrame
SetLocation,-1778.684365,242.318251,-2190.469002
SetRotation,0.456665,0.000000,-0.889639,0.000000,1.000000,0.000000,0.889639,0.000000,0.456665
EndFrame
SetLocation,-1778.684365,242.318251,-2190.469002
SetRotation,0.456665,0.000000,-0.889639,0.000000,1.000000,0.000000,0.889639,0.000000,0.456665
EndFrame
SetLocation,-1778.684365,242.318251,-2190.469002
SetRotation,0.456665,0.000000,-0.889639,0.000000,1.000000,0.000000,0.889639,0.000000,0.456665
EndFrame
SetLocation,-1778.684365,242.318251,-2190.469002
SetRotation,0.456665,0.000000,-0.889639,0.000000,1.000000,0.000000,0.889639,0.000000,0.456665
EndFrame
SetLocation,-1778.684365,242.318251,-2190.469002
SetRotation,0.456665,0.000000,-0.889639,0.000000,1.000000,0.000000,0.889639,0.000000,0.456665
EndFrame
SetLocation,-1778.684365,242.318251,-2190.469002
SetRotation,0.456665,0.000000,-0.889639,0.000000,1.000000,0.000000,0.889639,0.000000,0.456665
EndFrame
SetLocation,-1778.684365,242.318251,-2190.469002
SetRotation,0.456665,0.000000,-0.889639,0.000000,1.000000,0.000000,0.889639,0.000000,0.456665
EndFrame
SetLocation,-1778.684365,242.318251,-2190.469002
SetRotation,0.456665,0.000000,-0.889639,0.000000,1.000000,0.000000,0.889639,0.000000,0.456665
EndFrame
SetLocation,-1778.684365,242.318251,-2190.469002
SetRotation,0.456665,0.000000,-0.889639,0.000000,1.000000,0.000000,0.889639,0.000000,0.456665
EndFrame
SetLocation,-1778.684365,242.318251,-2190.469002
SetRotation,0.456665,0.000000,-0.889639,0.000000,1.000000,0.000000,0.889639,0.000000,0.456665
EndFrame
SetLocation,-1778.684365,242.318251,-2190.469002
SetRotation,0.456665,0.000000,-0.889639,0.000000,1.000000,0.000000,0.889639,0.000000,0.456665
EndFrame
SetLocation,-1778.684365,242.318251,-2190.469002
SetRotation,0.456665,0.000000,-0.889639,0.000000,1.000000,0.000000,0.889639,0.000000,0.456665
EndFrame
SetLocation,-1778.684365,242.318251,-2190.469002
SetRotation,0.456665,0.000000,-0.889639,0.000000,1.000000,0.000000,0.889639,0.000000,0.456665
EndFrame
SetLocation,-1778.684365,242.318251,-2190.469002
SetRotation,0.456665,0.000000,-0.889639,0.000000,1.000000,0.000000,0.889639,0.000000,0.456665
EndFrame
SetLocation,-1778.684365,242.318251,-2190.469002
SetRotation,0.456665,0.000000,-0.889639,0.000000,1.000000,0.000000,0.889639,0.000000,0.456665
EndFrame
SetLocation,-1778.684365,242.318251,-2190.469002
SetRotation,0.456665,0.000000,-0.889639,0.000000,1.000000,0.000000,0.889639,0.000000,0.456665
EndFrame
SetLocation,-1778.684365,242.318251,-2190.469002
SetRotation,0.456665,0.000000,-0.889639,0.000000,1.000000,0.000000,0.889639,0.000000,0.456665
EndFrame
SetLocation,-1778.684365,242.318251,-2190.469002
SetRotation,0.456665,0.000000,-0.889639,0.000000,1.000000,0.000000,0.889639,0.000000,0.456665
EndFrame
SetLocation,-1778.684365,242.318251,-2190.469002
SetRotation,0.456665,0.000000,-0.889639,0.000000,1.000000,0.000000,0.889639,0.000000,0.456665
EndFrame
SetLocation,-1778.684365,242.318251,-2190.469002
SetRotation,0.456665,0.000000,-0.889639,0.000000,1.000000,0.000000,0.889639,0.000000,0.456665
EndFrame
SetLocation,-1778.684365,242.318251,-2190.469002
SetRotation,0.456665,0.000000,-0.889639,0.000000,1.000000,0.000000,0.889639,0.000000,0.456665
EndFrame
SetLocation,-1778.684365,242.318251,-2190.469002
SetRotation,0.456665,0.000000,-0.889639,0.000000,1.000000,0.000000,0.889639,0.000000,0.456665
EndFrame
SetLocation,-1778.684365,242.318251,-2190.469002
SetRotation,0.456665,0.000000,-0.889639,0.000000,1.000000,0.000000,0.889639,0.000000,0.456665
EndFrame
SetLocation,-1778.684365,242.318251,-2190.469002
SetRotation,0.456665,0.000000,-0.889639,0.000000,1.000000,0.000000,0.889639,0.000000,0.456665
EndFrame
SetLocation,-1778.684365,242.318251,-2190.469002
SetRotation,0.456665,0.000000,-0.889639,0.000000,1.000000,0.000000,0.889639,0.000000,0.456665
EndFrame
SetLocation,-1778.684365,242.318251,-2190.469002
SetRotation,0.456665,0.000000,-0.889639,0.000000,1.000000,0.000000,0.889639,0.000000,0.456665
EndFrame
SetLocation,-1778.684365,242.318251,-2190.469002
SetRotation,0.456665,0.000000,-0.889639,0.000000,1.000000,0.000000,0.889639,0.000000,0.456665
EndFrame
SetLocation,-1778.684365,242.318251,-2190.469002
SetRotation,0.456665,0.000000,-0.889639,0.000000,1.000000,0.000000,0.889639,0.000000,0.456665
EndFrame
SetLocation,-1778.684365,242.318251,-2190.469002
SetRotation,0.456665,0.000000,-0.889639,0.000000,1.000000,0.000000,0.889639,0.000000,0.456665
EndFrame
SetLocation,-1778.684365,242.318251,-2190.469002
SetRotation,0.456665,0.000000,-0.889639,0.000000,1.000000,0.000000,0.889639,0.000000,0.456665
EndFrame
SetLocation,-1778.684365,242.318251,-2190.469002
SetRotation,0.456665,0.000000,-0.889639,0.000000,1.000000,0.000000,0.889639,0.000000,0.456665
EndFrame
SetLocation,-1778.684365,242.318251,-2190.469002
SetRotation,0.456665,0.000000,-0.889639,0.000000,1.000000,0.000000,0.889639,0.000000,0.456665
EndFrame
SetLocation,-1778.684365,242.318251,-2190.469002
SetRotation,0.456665,0.000000,-0.889639,0.000000,1.000000,0.000000,0.889639,0.000000,0.456665
EndFrame
SetLocation,-1778.684365,242.318251,-2190.469002
SetRotation,0.456665,0.000000,-0.889639,0.000000,1.000000,0.000000,0.889639,0.000000,0.456665
EndFrame
SetLocation,-1778.684365,242.318251,-2190.469002
SetRotation,0.456665,0.000000,-0.889639,0.000000,1.000000,0.000000,0.889639,0.000000,0.456665
EndFrame
SetLocation,-1778.684365,242.318251,-2190.469002
SetRotation,0.456665,0.000000,-0.889639,0.000000,1.000000,0.000000,0.889639,0.000000,0.456665
EndFrame
SetLocation,-1778.684365,242.318251,-2190.469002
SetRotation,0.456665,0.000000,-0.889639,0.000000,1.000000,0.000000,0.889639,0.000000,0.456665
EndFrame
SetLocation,-1778.684365,242.318251,-2190.469002
SetRotation,0.456665,0.000000,-0.889639,0.000000,1.000000,0.000000,0.889639,0.000000,0.456665
EndFrame
SetLocation,-1778.684365,242.318251,-2190.469002
SetRotation,0.456665,0.000000,-0.889639,0.000000,1.000000,0.000000,0.889639,0.000000,0.456665
EndFrame
SetLocation,-1778.684365,242.318251,-2190.469002
SetRotation,0.456665,0.000000,-0.889639,0.000000,1.000000,0.000000,0.889639,0.000000,0.456665
EndFrame
SetLocation,-1778.684365,242.318251,-2190.469002
SetRotation,0.456665,0.000000,-0.889639,0.000000,1.000000,0.000000,0.889639,0.000000,0.456665
EndFrame
SetLocation,-1778.684365,242.318251,-2190.469002
SetRotation,0.456665,0.000000,-0.889639,0.000000,1.000000,0.000000,0.889639,0.000000,0.456665
EndFrame
SetLocation,-1778.684365,242.318251,-2190.469002
SetRotation,0.456665,0.000000,-0.889639,0.000000,1.000000,0.000000,0.889639,0.000000,0.456665
EndFrame
SetLocation,-1778.684365,242.318251,-2190.469002
SetRotation,0.456665,0.000000,-0.889639,0.000000,1.000000,0.000000,0.889639,0.000000,0.456665
EndFrame
SetLocation,-1778.684365,242.318251,-2190.469002
SetRotation,0.456665,0.000000,-0.889639,0.000000,1.000000,0.000000,0.889639,0.000000,0.456665
EndFrame
SetLocation,-1778.684365,242.318251,-2190.469002
SetRotation,0.456665,0.000000,-0.889639,0.000000,1.000000,0.000000,0.889639,0.000000,0.456665
EndFrame
SetLocation,-1778.684365,242.318251,-2190.469002
SetRotation,0.456665,0.000000,-0.889639,0.000000,1.000000,0.000000,0.889639,0.000000,0.456665
EndFrame
SetLocation,-1778.684365,242.318251,-2190.469002
SetRotation,0.456665,0.000000,-0.889639,0.000000,1.000000,0.000000,0.889639,0.000000,0.456665
EndFrame
SetLocation,-1778.684365,242.318251,-2190.469002
SetRotation,0.456665,0.000000,-0.889639,0.000000,1.000000,0.000000,0.889639,0.000000,0.456665
EndFrame
SetLocation,-1778.684365,242.318251,-2190.469002
SetRotation,0.456665,0.000000,-0.889639,0.000000,1.000000,0.000000,0.889639,0.000000,0.456665
EndFrame
SetLocation,-1778.684365,242.318251,-2190.469002
SetRotation,0.456665,0.000000,-0.889639,0.000000,1.000000,0.000000,0.889639,0.000000,0.456665
EndFrame
SetLocation,-1778.684365,242.318251,-2190.469002
SetRotation,0.456665,0.000000,-0.889639,0.000000,1.000000,0.000000,0.889639,0.000000,0.456665
EndFrame
SetLocation,-1778.684365,242.318251,-2190.469002
SetRotation,0.456665,0.000000,-0.889639,0.000000,1.000000,0.000000,0.889639,0.000000,0.456665
EndFrame
SetLocation,-1778.684365,242.318251,-2190.469002
SetRotation,0.456665,0.000000,-0.889639,0.000000,1.000000,0.000000,0.889639,0.000000,0.456665
EndFrame
SetLocation,-1778.684365,242.318251,-2190.469002
SetRotation,0.456665,0.000000,-0.889639,0.000000,1.000000,0.000000,0.889639,0.000000,0.456665
EndFrame
SetLocation,-1778.684365,242.318251,-2190.469002
SetRotation,0.456665,0.000000,-0.889639,0.000000,1.000000,0.000000,0.889639,0.000000,0.456665
EndFrame
SetLocation,-1778.684365,242.318251,-2190.469002
SetRotation,0.456665,0.000000,-0.889639,0.000000,1.000000,0.000000,0.889639,0.000000,0.456665
EndFrame
SetLocation,-1778.684365,242.318251,-2190.469002
SetRotation,0.456665,0.000000,-0.889639,0.000000,1.000000,0.000000,0.889639,0.000000,0.456665
EndFrame
SetLocation,-1778.684365,242.318251,-2190.469002
SetRotation,0.456665,0.000000,-0.889639,0.000000,1.000000,0.000000,0.889639,0.000000,0.456665
EndFrame
SetLocation,-1778.684365,242.318251,-2190.469002
SetRotation,0.456665,0.000000,-0.889639,0.000000,1.000000,0.000000,0.889639,0.000000,0.456665
EndFrame
SetLocation,-1778.684365,242.318251,-2190.469002
SetRotation,0.456665,0.000000,-0.889639,0.000000,1.000000,0.000000,0.889639,0.000000,0.456665
EndFrame
SetLocation,-1778.684365,242.318251,-2190.469002
SetRotation,0.456665,0.000000,-0.889639,0.000000,1.000000,0.000000,0.889639,0.000000,0.456665
EndFrame
SetLocation,-1778.684365,242.318251,-2190.469002
SetRotation,0.456665,0.000000,-0.889639,0.000000,1.000000,0.000000,0.889639,0.000000,0.456665
EndFrame
SetLocation,-1778.684365,242.318251,-2190.469002
SetRotation,0.456665,0.000000,-0.889639,0.000000,1.000000,0.000000,0.889639,0.000000,0.456665
EndFrame
