SetLocation,-532.576716,7683.126084,-1351.621111
SetRotation,-0.871635,0.000000,-0.490156,0.484749,0.148133,-0.862018,0.072608,-0.988967,-0.129118
EndFrame
SetLocation,-532.576716,7683.126084,-1351.621111
SetRotation,-0.871635,0.000000,-0.490156,0.484749,0.148133,-0.862018,0.072608,-0.988967,-0.129118
EndFrame
SetLocation,-532.576716,7683.126084,-1351.621111
SetRotation,-0.871635,0.000000,-0.490156,0.484749,0.148133,-0.862018,0.072608,-0.988967,-0.129118
EndFrame
SetLocation,-532.576716,7683.126084,-1351.621111
SetRotation,-0.871635,0.000000,-0.490156,0.484749,0.148133,-0.862018,0.072608,-0.988967,-0.129118
EndFrame
SetLocation,-532.576716,7683.126084,-1351.621111
SetRotation,-0.871635,0.000000,-0.490156,0.484749,0.148133,-0.862018,0.072608,-0.988967,-0.129118
EndFrame
SetLocation,-532.576716,7683.126084,-1351.621111
SetRotation,-0.871635,0.000000,-0.490156,0.484749,0.148133,-0.862018,0.072608,-0.988967,-0.129118
EndFrame
SetLocation,-532.576716,7683.126084,-1351.621111
SetRotation,-0.871635,0.000000,-0.490156,0.484749,0.148133,-0.862018,0.072608,-0.988967,-0.129118
EndFrame
SetLocation,-532.576716,7683.126084,-1351.621111
SetRotation,-0.871635,0.000000,-0.490156,0.484749,0.148133,-0.862018,0.072608,-0.988967,-0.129118
EndFrame
SetLocation,-532.576716,7683.126084,-1351.621111
SetRotation,-0.871635,0.000000,-0.490156,0.484749,0.148133,-0.862018,0.072608,-0.988967,-0.129118
EndFrame
SetLocation,-532.576716,7683.126084,-1351.621111
SetRotation,-0.871635,0.000000,-0.490156,0.484749,0.148133,-0.862018,0.072608,-0.988967,-0.129118
EndFrame
SetLocation,-532.576716,7683.126084,-1351.621111
SetRotation,-0.871635,0.000000,-0.490156,0.484749,0.148133,-0.862018,0.072608,-0.988967,-0.129118
EndFrame
SetLocation,-532.576716,7683.126084,-1351.621111
SetRotation,-0.871635,0.000000,-0.490156,0.484749,0.148133,-0.862018,0.072608,-0.988967,-0.129118
EndFrame
SetLocation,-532.576716,7683.126084,-1351.621111
SetRotation,-0.871635,0.000000,-0.490156,0.484749,0.148133,-0.862018,0.072608,-0.988967,-0.129118
EndFrame
SetLocation,-532.576716,7683.126084,-1351.621111
SetRotation,-0.871635,0.000000,-0.490156,0.484749,0.148133,-0.862018,0.072608,-0.988967,-0.129118
EndFrame
SetLocation,-532.576716,7683.126084,-1351.621111
SetRotation,-0.871635,0.000000,-0.490156,0.484749,0.148133,-0.862018,0.072608,-0.988967,-0.129118
EndFrame
SetLocation,-532.576716,7683.126084,-1351.621111
SetRotation,-0.871635,0.000000,-0.490156,0.484749,0.148133,-0.862018,0.072608,-0.988967,-0.129118
EndFrame
SetLocation,-532.576716,7683.126084,-1351.621111
SetRotation,-0.871635,0.000000,-0.490156,0.484749,0.148133,-0.862018,0.072608,-0.988967,-0.129118
EndFrame
SetLocation,-532.576716,7683.126084,-1351.621111
SetRotation,-0.871635,0.000000,-0.490156,0.484749,0.148133,-0.862018,0.072608,-0.988967,-0.129118
EndFrame
SetLocation,-532.576716,7683.126084,-1351.621111
SetRotation,-0.871635,0.000000,-0.490156,0.484749,0.148133,-0.862018,0.072608,-0.988967,-0.129118
EndFrame
SetLocation,-532.576716,7683.126084,-1351.621111
SetRotation,-0.871635,0.000000,-0.490156,0.484749,0.148133,-0.862018,0.072608,-0.988967,-0.129118
EndFrame
SetLocation,-532.576716,7683.126084,-1351.621111
SetRotation,-0.871635,0.000000,-0.490156,0.484749,0.148133,-0.862018,0.072608,-0.988967,-0.129118
EndFrame
SetLocation,-532.576716,7683.126084,-1351.621111
SetRotation,-0.871635,0.000000,-0.490156,0.484749,0.148133,-0.862018,0.072608,-0.988967,-0.129118
EndFrame
SetLocation,-532.576716,7683.126084,-1351.621111
SetRotation,-0.871635,0.000000,-0.490156,0.484749,0.148133,-0.862018,0.072608,-0.988967,-0.129118
EndFrame
SetLocation,-532.576716,7683.126084,-1351.621111
SetRotation,-0.871635,0.000000,-0.490156,0.484749,0.148133,-0.862018,0.072608,-0.988967,-0.129118
EndFrame
SetLocation,-532.576716,7683.126084,-1351.621111
SetRotation,-0.871635,0.000000,-0.490156,0.484749,0.148133,-0.862018,0.072608,-0.988967,-0.129118
EndFrame
SetLocation,-532.576716,7683.126084,-1351.621111
SetRotation,-0.871635,0.000000,-0.490156,0.484749,0.148133,-0.862018,0.072608,-0.988967,-0.129118
EndFrame
SetLocation,-532.576716,7683.126084,-1351.621111
SetRotation,-0.871635,0.000000,-0.490156,0.484749,0.148133,-0.862018,0.072608,-0.988967,-0.129118
EndFrame
SetLocation,-532.576716,7683.126084,-1351.621111
SetRotation,-0.871635,0.000000,-0.490156,0.484749,0.148133,-0.862018,0.072608,-0.988967,-0.129118
EndFrame
SetLocation,-532.576716,7683.126084,-1351.621111
SetRotation,-0.871635,0.000000,-0.490156,0.484749,0.148133,-0.862018,0.072608,-0.988967,-0.129118
EndFrame
SetLocation,-532.576716,7683.126084,-1351.621111
SetRotation,-0.871635,0.000000,-0.490156,0.484749,0.148133,-0.862018,0.072608,-0.988967,-0.129118
EndFrame
SetLocation,-532.576716,7683.126084,-1351.621111
SetRotation,-0.871635,0.000000,-0.490156,0.484749,0.148133,-0.862018,0.072608,-0.988967,-0.129118
EndFrame
SetLocation,-532.576716,7683.126084,-1351.621111
SetRotation,-0.871635,0.000000,-0.490156,0.484749,0.148133,-0.862018,0.072608,-0.988967,-0.129118
EndFrame
SetLocation,-532.576716,7683.126084,-1351.621111
SetRotation,-0.871635,0.000000,-0.490156,0.484749,0.148133,-0.862018,0.072608,-0.988967,-0.129118
EndFrame
SetLocation,-532.576716,7683.126084,-1351.621111
SetRotation,-0.871635,0.000000,-0.490156,0.484749,0.148133,-0.862018,0.072608,-0.988967,-0.129118
EndFrame
SetLocation,-532.576716,7683.126084,-1351.621111
SetRotation,-0.871635,0.000000,-0.490156,0.484749,0.148133,-0.862018,0.072608,-0.988967,-0.129118
EndFrame
SetLocation,-532.576716,7683.126084,-1351.621111
SetRotation,-0.871635,0.000000,-0.490156,0.484749,0.148133,-0.862018,0.072608,-0.988967,-0.129118
EndFrame
SetLocation,-532.576716,7683.126084,-1351.621111
SetRotation,-0.871635,0.000000,-0.490156,0.484749,0.148133,-0.862018,0.072608,-0.988967,-0.129118
EndFrame
SetLocation,-532.576716,7683.126084,-1351.621111
SetRotation,-0.871635,0.000000,-0.490156,0.484749,0.148133,-0.862018,0.072608,-0.988967,-0.129118
EndFrame
SetLocation,-532.576716,7683.126084,-1351.621111
SetRotation,-0.871635,0.000000,-0.490156,0.484749,0.148133,-0.862018,0.072608,-0.988967,-0.129118
EndFrame
SetLocation,-532.576716,7683.126084,-1351.621111
SetRotation,-0.871635,0.000000,-0.490156,0.484749,0.148133,-0.862018,0.072608,-0.988967,-0.129118
EndFrame
SetLocation,-532.576716,7683.126084,-1351.621111
SetRotation,-0.871635,0.000000,-0.490156,0.484749,0.148133,-0.862018,0.072608,-0.988967,-0.129118
EndFrame
SetLocation,-532.576716,7683.126084,-1351.621111
SetRotation,-0.871635,0.000000,-0.490156,0.484749,0.148133,-0.862018,0.072608,-0.988967,-0.129118
EndFrame
SetLocation,-532.576716,7683.126084,-1351.621111
SetRotation,-0.871635,0.000000,-0.490156,0.484749,0.148133,-0.862018,0.072608,-0.988967,-0.129118
EndFrame
SetLocation,-532.576716,7683.126084,-1351.621111
SetRotation,-0.871635,0.000000,-0.490156,0.484749,0.148133,-0.862018,0.072608,-0.988967,-0.129118
EndFrame
SetLocation,-532.576716,7683.126084,-1351.621111
SetRotation,-0.871635,0.000000,-0.490156,0.484749,0.148133,-0.862018,0.072608,-0.988967,-0.129118
EndFrame
SetLocation,-532.576716,7683.126084,-1351.621111
SetRotation,-0.871635,0.000000,-0.490156,0.484749,0.148133,-0.862018,0.072608,-0.988967,-0.129118
EndFrame
SetLocation,-532.576716,7683.126084,-1351.621111
SetRotation,-0.871635,0.000000,-0.490156,0.484749,0.148133,-0.862018,0.072608,-0.988967,-0.129118
EndFrame
SetLocation,-532.576716,7683.126084,-1351.621111
SetRotation,-0.871635,0.000000,-0.490156,0.484749,0.148133,-0.862018,0.072608,-0.988967,-0.129118
EndFrame
SetLocation,-532.576716,7683.126084,-1351.621111
SetRotation,-0.871635,0.000000,-0.490156,0.484749,0.148133,-0.862018,0.072608,-0.988967,-0.129118
EndFrame
SetLocation,-532.576716,7683.126084,-1351.621111
SetRotation,-0.871635,0.000000,-0.490156,0.484749,0.148133,-0.862018,0.072608,-0.988967,-0.129118
EndFrame
SetLocation,-532.576716,7683.126084,-1351.621111
SetRotation,-0.871635,0.000000,-0.490156,0.484749,0.148133,-0.862018,0.072608,-0.988967,-0.129118
EndFrame
SetLocation,-532.576716,7683.126084,-1351.621111
SetRotation,-0.871635,0.000000,-0.490156,0.484749,0.148133,-0.862018,0.072608,-0.988967,-0.129118
EndFrame
SetLocation,-532.576716,7683.126084,-1351.621111
SetRotation,-0.871635,0.000000,-0.490156,0.484749,0.148133,-0.862018,0.072608,-0.988967,-0.129118
EndFrame
SetLocation,-532.576716,7683.126084,-1351.621111
SetRotation,-0.871635,0.000000,-0.490156,0.484749,0.148133,-0.862018,0.072608,-0.988967,-0.129118
EndFrame
SetLocation,-532.576716,7683.126084,-1351.621111
SetRotation,-0.871635,0.000000,-0.490156,0.484749,0.148133,-0.862018,0.072608,-0.988967,-0.129118
EndFrame
SetLocation,-532.576716,7683.126084,-1351.621111
SetRotation,-0.871635,0.000000,-0.490156,0.484749,0.148133,-0.862018,0.072608,-0.988967,-0.129118
EndFrame
SetLocation,-532.576716,7683.126084,-1351.621111
SetRotation,-0.871635,0.000000,-0.490156,0.484749,0.148133,-0.862018,0.072608,-0.988967,-0.129118
EndFrame
SetLocation,-532.576716,7683.126084,-1351.621111
SetRotation,-0.871635,0.000000,-0.490156,0.484749,0.148133,-0.862018,0.072608,-0.988967,-0.129118
EndFrame
SetLocation,-532.576716,7683.126084,-1351.621111
SetRotation,-0.871635,0.000000,-0.490156,0.484749,0.148133,-0.862018,0.072608,-0.988967,-0.129118
EndFrame
SetLocation,-532.576716,7683.126084,-1351.621111
SetRotation,-0.871635,0.000000,-0.490156,0.484749,0.148133,-0.862018,0.072608,-0.988967,-0.129118
EndFrame
SetLocation,-532.576716,7683.126084,-1351.621111
SetRotation,-0.871635,0.000000,-0.490156,0.484749,0.148133,-0.862018,0.072608,-0.988967,-0.129118
EndFrame
SetLocation,-532.576716,7683.126084,-1351.621111
SetRotation,-0.871635,0.000000,-0.490156,0.484749,0.148133,-0.862018,0.072608,-0.988967,-0.129118
EndFrame
SetLocation,-532.576716,7683.126084,-1351.621111
SetRotation,-0.871635,0.000000,-0.490156,0.484749,0.148133,-0.862018,0.072608,-0.988967,-0.129118
EndFrame
SetLocation,-532.576716,7683.126084,-1351.621111
SetRotation,-0.871635,0.000000,-0.490156,0.484749,0.148133,-0.862018,0.072608,-0.988967,-0.129118
EndFrame
SetLocation,-532.576716,7683.126084,-1351.621111
SetRotation,-0.871635,0.000000,-0.490156,0.484749,0.148133,-0.862018,0.072608,-0.988967,-0.129118
EndFrame
SetLocation,-532.576716,7683.126084,-1351.621111
SetRotation,-0.871635,0.000000,-0.490156,0.484749,0.148133,-0.862018,0.072608,-0.988967,-0.129118
EndFrame
SetLocation,-532.576716,7683.126084,-1351.621111
SetRotation,-0.871635,0.000000,-0.490156,0.484749,0.148133,-0.862018,0.072608,-0.988967,-0.129118
EndFrame
SetLocation,-532.576716,7683.126084,-1351.621111
SetRotation,-0.871635,0.000000,-0.490156,0.484749,0.148133,-0.862018,0.072608,-0.988967,-0.129118
EndFrame
SetLocation,-532.576716,7683.126084,-1351.621111
SetRotation,-0.871635,0.000000,-0.490156,0.484749,0.148133,-0.862018,0.072608,-0.988967,-0.129118
EndFrame
SetLocation,-532.576716,7683.126084,-1351.621111
SetRotation,-0.871635,0.000000,-0.490156,0.484749,0.148133,-0.862018,0.072608,-0.988967,-0.129118
EndFrame
SetLocation,-532.576716,7683.126084,-1351.621111
SetRotation,-0.871635,0.000000,-0.490156,0.484749,0.148133,-0.862018,0.072608,-0.988967,-0.129118
EndFrame
SetLocation,-532.576716,7683.126084,-1351.621111
SetRotation,-0.871635,0.000000,-0.490156,0.484749,0.148133,-0.862018,0.072608,-0.988967,-0.129118
EndFrame
SetLocation,-532.576716,7683.126084,-1351.621111
SetRotation,-0.871635,0.000000,-0.490156,0.484749,0.148133,-0.862018,0.072608,-0.988967,-0.129118
EndFrame
SetLocation,-532.576716,7683.126084,-1351.621111
SetRotation,-0.871635,0.000000,-0.490156,0.484749,0.148133,-0.862018,0.072608,-0.988967,-0.129118
EndFrame
SetLocation,-532.576716,7683.126084,-1351.621111
SetRotation,-0.871635,0.000000,-0.490156,0.484749,0.148133,-0.862018,0.072608,-0.988967,-0.129118
EndFrame
SetLocation,-532.576716,7683.126084,-1351.621111
SetRotation,-0.871635,0.000000,-0.490156,0.484749,0.148133,-0.862018,0.072608,-0.988967,-0.129118
EndFrame
SetLocation,-532.576716,7683.126084,-1351.621111
SetRotation,-0.871635,0.000000,-0.490156,0.484749,0.148133,-0.862018,0.072608,-0.988967,-0.129118
EndFrame
SetLocation,-532.576716,7683.126084,-1351.621111
SetRotation,-0.871635,0.000000,-0.490156,0.484749,0.148133,-0.862018,0.072608,-0.988967,-0.129118
EndFrame
SetLocation,-532.576716,7683.126084,-1351.621111
SetRotation,-0.871635,0.000000,-0.490156,0.484749,0.148133,-0.862018,0.072608,-0.988967,-0.129118
EndFrame
SetLocation,-532.576716,7683.126084,-1351.621111
SetRotation,-0.871635,0.000000,-0.490156,0.484749,0.148133,-0.862018,0.072608,-0.988967,-0.129118
EndFrame
SetLocation,-532.576716,7683.126084,-1351.621111
SetRotation,-0.871635,0.000000,-0.490156,0.484749,0.148133,-0.862018,0.072608,-0.988967,-0.129118
EndFrame
SetLocation,-532.576716,7683.126084,-1351.621111
SetRotation,-0.871635,0.000000,-0.490156,0.484749,0.148133,-0.862018,0.072608,-0.988967,-0.129118
EndFrame
SetLocation,-532.576716,7683.126084,-1351.621111
SetRotation,-0.871635,0.000000,-0.490156,0.484749,0.148133,-0.862018,0.072608,-0.988967,-0.129118
EndFrame
SetLocation,-532.576716,7683.126084,-1351.621111
SetRotation,-0.871635,0.000000,-0.490156,0.484749,0.148133,-0.862018,0.072608,-0.988967,-0.129118
EndFrame
SetLocation,-532.576716,7683.126084,-1351.621111
SetRotation,-0.871635,0.000000,-0.490156,0.484749,0.148133,-0.862018,0.072608,-0.988967,-0.129118
EndFrame
SetLocation,-532.576716,7683.126084,-1351.621111
SetRotation,-0.871635,0.000000,-0.490156,0.484749,0.148133,-0.862018,0.072608,-0.988967,-0.129118
EndFrame
SetLocation,-532.576716,7683.126084,-1351.621111
SetRotation,-0.871635,0.000000,-0.490156,0.484749,0.148133,-0.862018,0.072608,-0.988967,-0.129118
EndFrame
SetLocation,-532.576716,7683.126084,-1351.621111
SetRotation,-0.871635,0.000000,-0.490156,0.484749,0.148133,-0.862018,0.072608,-0.988967,-0.129118
EndFrame
SetLocation,-532.576716,7683.126084,-1351.621111
SetRotation,-0.871635,0.000000,-0.490156,0.484749,0.148133,-0.862018,0.072608,-0.988967,-0.129118
EndFrame
SetLocation,-532.576716,7683.126084,-1351.621111
SetRotation,-0.871635,0.000000,-0.490156,0.484749,0.148133,-0.862018,0.072608,-0.988967,-0.129118
EndFrame
SetLocation,-532.576716,7683.126084,-1351.621111
SetRotation,-0.871635,0.000000,-0.490156,0.484749,0.148133,-0.862018,0.072608,-0.988967,-0.129118
EndFrame
SetLocation,-532.576716,7683.126084,-1351.621111
SetRotation,-0.871635,0.000000,-0.490156,0.484749,0.148133,-0.862018,0.072608,-0.988967,-0.129118
EndFrame
SetLocation,-532.576716,7683.126084,-1351.621111
SetRotation,-0.871635,0.000000,-0.490156,0.484749,0.148133,-0.862018,0.072608,-0.988967,-0.129118
EndFrame
SetLocation,-532.576716,7683.126084,-1351.621111
SetRotation,-0.871635,0.000000,-0.490156,0.484749,0.148133,-0.862018,0.072608,-0.988967,-0.129118
EndFrame
SetLocation,-532.576716,7683.126084,-1351.621111
SetRotation,-0.871635,0.000000,-0.490156,0.484749,0.148133,-0.862018,0.072608,-0.988967,-0.129118
EndFrame
SetLocation,-532.576716,7683.126084,-1351.621111
SetRotation,-0.871635,0.000000,-0.490156,0.484749,0.148133,-0.862018,0.072608,-0.988967,-0.129118
EndFrame
SetLocation,-532.576716,7683.126084,-1351.621111
SetRotation,-0.871635,0.000000,-0.490156,0.484749,0.148133,-0.862018,0.072608,-0.988967,-0.129118
EndFrame
SetLocation,-532.576716,7683.126084,-1351.621111
SetRotation,-0.871635,0.000000,-0.490156,0.484749,0.148133,-0.862018,0.072608,-0.988967,-0.129118
EndFrame
SetLocation,-532.576716,7683.126084,-1351.621111
SetRotation,-0.871635,0.000000,-0.490156,0.484749,0.148133,-0.862018,0.072608,-0.988967,-0.129118
EndFrame
SetLocation,-532.576716,7683.126084,-1351.621111
SetRotation,-0.871635,0.000000,-0.490156,0.484749,0.148133,-0.862018,0.072608,-0.988967,-0.129118
EndFrame
SetLocation,-532.576716,7683.126084,-1351.621111
SetRotation,-0.871635,0.000000,-0.490156,0.484749,0.148133,-0.862018,0.072608,-0.988967,-0.129118
EndFrame
SetLocation,-532.576716,7683.126084,-1351.621111
SetRotation,-0.871635,0.000000,-0.490156,0.484749,0.148133,-0.862018,0.072608,-0.988967,-0.129118
EndFrame
SetLocation,-532.576716,7683.126084,-1351.621111
SetRotation,-0.871635,0.000000,-0.490156,0.484749,0.148133,-0.862018,0.072608,-0.988967,-0.129118
EndFrame
SetLocation,-532.576716,7683.126084,-1351.621111
SetRotation,-0.871635,0.000000,-0.490156,0.484749,0.148133,-0.862018,0.072608,-0.988967,-0.129118
EndFrame
SetLocation,-532.576716,7683.126084,-1351.621111
SetRotation,-0.871635,0.000000,-0.490156,0.484749,0.148133,-0.862018,0.072608,-0.988967,-0.129118
EndFrame
SetLocation,-532.576716,7683.126084,-1351.621111
SetRotation,-0.871635,0.000000,-0.490156,0.484749,0.148133,-0.862018,0.072608,-0.988967,-0.129118
EndFrame
SetLocation,-532.576716,7683.126084,-1351.621111
SetRotation,-0.871635,0.000000,-0.490156,0.484749,0.148133,-0.862018,0.072608,-0.988967,-0.129118
EndFrame
SetLocation,-532.576716,7683.126084,-1351.621111
SetRotation,-0.871635,0.000000,-0.490156,0.484749,0.148133,-0.862018,0.072608,-0.988967,-0.129118
EndFrame
SetLocation,-532.576716,7683.126084,-1351.621111
SetRotation,-0.871635,0.000000,-0.490156,0.484749,0.148133,-0.862018,0.072608,-0.988967,-0.129118
EndFrame
SetLocation,-532.576716,7683.126084,-1351.621111
SetRotation,-0.871635,0.000000,-0.490156,0.484749,0.148133,-0.862018,0.072608,-0.988967,-0.129118
EditPaint,21358.000000,63092.000000,35753.000000,451.000000,0.000000,1.000000,0.000000,6
EndFrame
SetLocation,-532.576716,7683.126084,-1351.621111
SetRotation,-0.871635,0.000000,-0.490156,0.484749,0.148133,-0.862018,0.072608,-0.988967,-0.129118
EditPaint,21313.000000,63080.000000,35835.000000,451.000000,0.000000,1.000000,0.000000,6
EndFrame
SetLocation,-532.576716,7683.126084,-1351.621111
SetRotation,-0.871635,0.000000,-0.490156,0.484749,0.148133,-0.862018,0.072608,-0.988967,-0.129118
EditPaint,21119.000000,62839.000000,35838.000000,451.000000,0.000000,1.000000,0.000000,6
EndFrame
SetLocation,-532.576716,7683.126084,-1351.621111
SetRotation,-0.871635,0.000000,-0.490156,0.484749,0.148133,-0.862018,0.072608,-0.988967,-0.129118
EditPaint,22454.000000,65603.000000,37903.000000,451.000000,0.000000,1.000000,0.000000,6
EndFrame
SetLocation,-532.576716,7683.126084,-1351.621111
SetRotation,-0.871635,0.000000,-0.490156,0.484749,0.148133,-0.862018,0.072608,-0.988967,-0.129118
EditPaint,22357.000000,65576.000000,38083.000000,451.000000,0.000000,1.000000,0.000000,6
EndFrame
SetLocation,-532.576716,7683.126084,-1351.621111
SetRotation,-0.871635,0.000000,-0.490156,0.484749,0.148133,-0.862018,0.072608,-0.988967,-0.129118
EditPaint,22295.000000,65617.000000,38303.000000,451.000000,0.000000,1.000000,0.000000,6
EndFrame
SetLocation,-532.576716,7683.126084,-1351.621111
SetRotation,-0.871635,0.000000,-0.490156,0.484749,0.148133,-0.862018,0.072608,-0.988967,-0.129118
EditPaint,22422.000000,66011.000000,38778.000000,451.000000,0.000000,1.000000,0.000000,6
EndFrame
SetLocation,-532.576716,7683.126084,-1351.621111
SetRotation,-0.871635,0.000000,-0.490156,0.484749,0.148133,-0.862018,0.072608,-0.988967,-0.129118
EditPaint,22402.000000,66070.000000,38999.000000,451.000000,0.000000,1.000000,0.000000,6
EndFrame
SetLocation,-532.576716,7683.126084,-1351.621111
SetRotation,-0.871635,0.000000,-0.490156,0.484749,0.148133,-0.862018,0.072608,-0.988967,-0.129118
EditPaint,22213.000000,65868.000000,39126.000000,451.000000,0.000000,1.000000,0.000000,6
EndFrame
SetLocation,-532.576716,7683.126084,-1351.621111
SetRotation,-0.871635,0.000000,-0.490156,0.484749,0.148133,-0.862018,0.072608,-0.988967,-0.129118
EditPaint,21963.000000,65569.000000,39251.000000,451.000000,0.000000,1.000000,0.000000,6
EndFrame
SetLocation,-532.576716,7683.126084,-1351.621111
SetRotation,-0.871635,0.000000,-0.490156,0.484749,0.148133,-0.862018,0.072608,-0.988967,-0.129118
EditPaint,21776.000000,65470.000000,39538.000000,451.000000,0.000000,1.000000,0.000000,6
EndFrame
SetLocation,-532.576716,7683.126084,-1351.621111
SetRotation,-0.871635,0.000000,-0.490156,0.484749,0.148133,-0.862018,0.072608,-0.988967,-0.129118
EditPaint,21239.000000,64707.000000,39451.000000,451.000000,0.000000,1.000000,0.000000,6
EndFrame
SetLocation,-532.576716,7683.126084,-1351.621111
SetRotation,-0.871635,0.000000,-0.490156,0.484749,0.148133,-0.862018,0.072608,-0.988967,-0.129118
EditPaint,21843.000000,65904.000000,40278.000000,451.000000,0.000000,1.000000,0.000000,6
EndFrame
SetLocation,-532.576716,7683.126084,-1351.621111
SetRotation,-0.871635,0.000000,-0.490156,0.484749,0.148133,-0.862018,0.072608,-0.988967,-0.129118
EditPaint,21795.000000,65975.000000,40551.000000,451.000000,0.000000,1.000000,0.000000,6
EndFrame
SetLocation,-532.576716,7683.126084,-1351.621111
SetRotation,-0.871635,0.000000,-0.490156,0.484749,0.148133,-0.862018,0.072608,-0.988967,-0.129118
EditPaint,21741.000000,66054.000000,40884.000000,451.000000,0.000000,1.000000,0.000000,6
EndFrame
SetLocation,-532.576716,7683.126084,-1351.621111
SetRotation,-0.871635,0.000000,-0.490156,0.484749,0.148133,-0.862018,0.072608,-0.988967,-0.129118
EditPaint,21446.000000,65728.000000,41069.000000,451.000000,0.000000,1.000000,0.000000,6
EndFrame
SetLocation,-532.576716,7683.126084,-1351.621111
SetRotation,-0.871635,0.000000,-0.490156,0.484749,0.148133,-0.862018,0.072608,-0.988967,-0.129118
EditPaint,20721.000000,64693.000000,40874.000000,451.000000,0.000000,1.000000,0.000000,6
EndFrame
SetLocation,-532.576716,7683.126084,-1351.621111
SetRotation,-0.871635,0.000000,-0.490156,0.484749,0.148133,-0.862018,0.072608,-0.988967,-0.129118
EditPaint,20644.000000,64710.000000,41085.000000,451.000000,0.000000,1.000000,0.000000,6
EndFrame
SetLocation,-532.576716,7683.126084,-1351.621111
SetRotation,-0.871635,0.000000,-0.490156,0.484749,0.148133,-0.862018,0.072608,-0.988967,-0.129118
EditPaint,20568.000000,64719.000000,41311.000000,451.000000,0.000000,1.000000,0.000000,6
EndFrame
SetLocation,-532.576716,7683.126084,-1351.621111
SetRotation,-0.871635,0.000000,-0.490156,0.484749,0.148133,-0.862018,0.072608,-0.988967,-0.129118
EditPaint,20467.000000,64728.000000,41565.000000,451.000000,0.000000,1.000000,0.000000,6
EndFrame
SetLocation,-532.576716,7683.126084,-1351.621111
SetRotation,-0.871635,0.000000,-0.490156,0.484749,0.148133,-0.862018,0.072608,-0.988967,-0.129118
EditPaint,20407.000000,64735.000000,41751.000000,451.000000,0.000000,1.000000,0.000000,6
EndFrame
SetLocation,-532.576716,7683.126084,-1351.621111
SetRotation,-0.871635,0.000000,-0.490156,0.484749,0.148133,-0.862018,0.072608,-0.988967,-0.129118
EditPaint,20386.000000,64854.000000,42080.000000,451.000000,0.000000,1.000000,0.000000,6
EndFrame
SetLocation,-532.576716,7683.126084,-1351.621111
SetRotation,-0.871635,0.000000,-0.490156,0.484749,0.148133,-0.862018,0.072608,-0.988967,-0.129118
EditPaint,20109.000000,64600.000000,42299.000000,451.000000,0.000000,1.000000,0.000000,6
EndFrame
SetLocation,-532.576716,7683.126084,-1351.621111
SetRotation,-0.871635,0.000000,-0.490156,0.484749,0.148133,-0.862018,0.072608,-0.988967,-0.129118
EditPaint,20070.000000,64648.000000,42475.000000,451.000000,0.000000,1.000000,0.000000,6
EndFrame
SetLocation,-532.576716,7683.126084,-1351.621111
SetRotation,-0.871635,0.000000,-0.490156,0.484749,0.148133,-0.862018,0.072608,-0.988967,-0.129118
EditPaint,20265.000000,65054.000000,42754.000000,451.000000,0.000000,1.000000,0.000000,6
EndFrame
SetLocation,-532.576716,7683.126084,-1351.621111
SetRotation,-0.871635,0.000000,-0.490156,0.484749,0.148133,-0.862018,0.072608,-0.988967,-0.129118
EditPaint,20381.000000,65294.000000,42919.000000,451.000000,0.000000,1.000000,0.000000,6
EndFrame
SetLocation,-532.576716,7683.126084,-1351.621111
SetRotation,-0.871635,0.000000,-0.490156,0.484749,0.148133,-0.862018,0.072608,-0.988967,-0.129118
EditPaint,20416.000000,65447.000000,43114.000000,451.000000,0.000000,1.000000,0.000000,6
EndFrame
SetLocation,-532.576716,7683.126084,-1351.621111
SetRotation,-0.871635,0.000000,-0.490156,0.484749,0.148133,-0.862018,0.072608,-0.988967,-0.129118
EditPaint,20301.000000,65326.000000,43194.000000,451.000000,0.000000,1.000000,0.000000,6
EndFrame
SetLocation,-532.576716,7683.126084,-1351.621111
SetRotation,-0.871635,0.000000,-0.490156,0.484749,0.148133,-0.862018,0.072608,-0.988967,-0.129118
EndFrame
SetLocation,-532.576716,7683.126084,-1351.621111
SetRotation,-0.871635,0.000000,-0.490156,0.484749,0.148133,-0.862018,0.072608,-0.988967,-0.129118
EndFrame
SetLocation,-532.576716,7683.126084,-1351.621111
SetRotation,-0.871635,0.000000,-0.490156,0.484749,0.148133,-0.862018,0.072608,-0.988967,-0.129118
EndFrame
SetLocation,-532.576716,7683.126084,-1351.621111
SetRotation,-0.871635,0.000000,-0.490156,0.484749,0.148133,-0.862018,0.072608,-0.988967,-0.129118
EndFrame
SetLocation,-532.576716,7683.126084,-1351.621111
SetRotation,-0.871635,0.000000,-0.490156,0.484749,0.148133,-0.862018,0.072608,-0.988967,-0.129118
EndFrame
SetLocation,-532.576716,7683.126084,-1351.621111
SetRotation,-0.871635,0.000000,-0.490156,0.484749,0.148133,-0.862018,0.072608,-0.988967,-0.129118
EndFrame
SetLocation,-532.576716,7683.126084,-1351.621111
SetRotation,-0.871635,0.000000,-0.490156,0.484749,0.148133,-0.862018,0.072608,-0.988967,-0.129118
EndFrame
SetLocation,-532.576716,7683.126084,-1351.621111
SetRotation,-0.871635,0.000000,-0.490156,0.484749,0.148133,-0.862018,0.072608,-0.988967,-0.129118
EndFrame
SetLocation,-532.576716,7683.126084,-1351.621111
SetRotation,-0.871635,0.000000,-0.490156,0.484749,0.148133,-0.862018,0.072608,-0.988967,-0.129118
EndFrame
SetLocation,-532.576716,7683.126084,-1351.621111
SetRotation,-0.871635,0.000000,-0.490156,0.484749,0.148133,-0.862018,0.072608,-0.988967,-0.129118
EndFrame
SetLocation,-532.576716,7683.126084,-1351.621111
SetRotation,-0.871635,0.000000,-0.490156,0.484749,0.148133,-0.862018,0.072608,-0.988967,-0.129118
EndFrame
SetLocation,-532.576716,7683.126084,-1351.621111
SetRotation,-0.871635,0.000000,-0.490156,0.484749,0.148133,-0.862018,0.072608,-0.988967,-0.129118
EndFrame
SetLocation,-532.576716,7683.126084,-1351.621111
SetRotation,-0.871635,0.000000,-0.490156,0.484749,0.148133,-0.862018,0.072608,-0.988967,-0.129118
EndFrame
SetLocation,-532.576716,7683.126084,-1351.621111
SetRotation,-0.871635,0.000000,-0.490156,0.484749,0.148133,-0.862018,0.072608,-0.988967,-0.129118
EndFrame
SetLocation,-532.576716,7683.126084,-1351.621111
SetRotation,-0.871635,0.000000,-0.490156,0.484749,0.148133,-0.862018,0.072608,-0.988967,-0.129118
EndFrame
SetLocation,-532.576716,7683.126084,-1351.621111
SetRotation,-0.871635,0.000000,-0.490156,0.484749,0.148133,-0.862018,0.072608,-0.988967,-0.129118
EndFrame
SetLocation,-532.576716,7683.126084,-1351.621111
SetRotation,-0.871635,0.000000,-0.490156,0.484749,0.148133,-0.862018,0.072608,-0.988967,-0.129118
EndFrame
SetLocation,-532.576716,7683.126084,-1351.621111
SetRotation,-0.871635,0.000000,-0.490156,0.484749,0.148133,-0.862018,0.072608,-0.988967,-0.129118
EndFrame
SetLocation,-532.576716,7683.126084,-1351.621111
SetRotation,-0.871635,0.000000,-0.490156,0.484749,0.148133,-0.862018,0.072608,-0.988967,-0.129118
EndFrame
SetLocation,-532.576716,7683.126084,-1351.621111
SetRotation,-0.871635,0.000000,-0.490156,0.484749,0.148133,-0.862018,0.072608,-0.988967,-0.129118
EndFrame
SetLocation,-532.576716,7683.126084,-1351.621111
SetRotation,-0.871635,0.000000,-0.490156,0.484749,0.148133,-0.862018,0.072608,-0.988967,-0.129118
EndFrame
SetLocation,-532.576716,7683.126084,-1351.621111
SetRotation,-0.871635,0.000000,-0.490156,0.484749,0.148133,-0.862018,0.072608,-0.988967,-0.129118
EndFrame
SetLocation,-532.576716,7683.126084,-1351.621111
SetRotation,-0.871635,0.000000,-0.490156,0.484749,0.148133,-0.862018,0.072608,-0.988967,-0.129118
EditPaint,22789.000000,65680.000000,37907.000000,451.000000,0.000000,1.000000,0.000000,6
EndFrame
SetLocation,-532.576716,7683.126084,-1351.621111
SetRotation,-0.871635,0.000000,-0.490156,0.484749,0.148133,-0.862018,0.072608,-0.988967,-0.129118
EditPaint,22795.000000,65670.000000,37907.000000,451.000000,0.000000,1.000000,0.000000,6
EndFrame
SetLocation,-532.576716,7683.126084,-1351.621111
SetRotation,-0.871635,0.000000,-0.490156,0.484749,0.148133,-0.862018,0.072608,-0.988967,-0.129118
EditPaint,22817.000000,65681.000000,37908.000000,451.000000,0.000000,1.000000,0.000000,6
EndFrame
SetLocation,-532.576716,7683.126084,-1351.621111
SetRotation,-0.871635,0.000000,-0.490156,0.484749,0.148133,-0.862018,0.072608,-0.988967,-0.129118
EditPaint,22860.000000,65657.000000,37863.000000,451.000000,0.000000,1.000000,0.000000,6
EndFrame
SetLocation,-532.576716,7683.126084,-1351.621111
SetRotation,-0.871635,0.000000,-0.490156,0.484749,0.148133,-0.862018,0.072608,-0.988967,-0.129118
EditPaint,22990.000000,65803.000000,37917.000000,451.000000,0.000000,1.000000,0.000000,6
EndFrame
SetLocation,-532.576716,7683.126084,-1351.621111
SetRotation,-0.871635,0.000000,-0.490156,0.484749,0.148133,-0.862018,0.072608,-0.988967,-0.129118
EditPaint,23064.000000,65844.000000,37915.000000,451.000000,0.000000,1.000000,0.000000,6
EndFrame
SetLocation,-532.576716,7683.126084,-1351.621111
SetRotation,-0.871635,0.000000,-0.490156,0.484749,0.148133,-0.862018,0.072608,-0.988967,-0.129118
EditPaint,23081.000000,65824.000000,37902.000000,451.000000,0.000000,1.000000,0.000000,6
EndFrame
SetLocation,-532.576716,7683.126084,-1351.621111
SetRotation,-0.871635,0.000000,-0.490156,0.484749,0.148133,-0.862018,0.072608,-0.988967,-0.129118
EditPaint,21850.000000,63092.000000,36068.000000,451.000000,0.000000,1.000000,0.000000,6
EndFrame
SetLocation,-532.576716,7683.126084,-1351.621111
SetRotation,-0.871635,0.000000,-0.490156,0.484749,0.148133,-0.862018,0.072608,-0.988967,-0.129118
EditPaint,23209.000000,65781.000000,37881.000000,451.000000,0.000000,1.000000,0.000000,6
EndFrame
SetLocation,-532.576716,7683.126084,-1351.621111
SetRotation,-0.871635,0.000000,-0.490156,0.484749,0.148133,-0.862018,0.072608,-0.988967,-0.129118
EditPaint,23289.000000,65788.000000,37898.000000,451.000000,0.000000,1.000000,0.000000,6
EndFrame
SetLocation,-532.576716,7683.126084,-1351.621111
SetRotation,-0.871635,0.000000,-0.490156,0.484749,0.148133,-0.862018,0.072608,-0.988967,-0.129118
EditPaint,23715.000000,66506.000000,38420.000000,451.000000,0.000000,1.000000,0.000000,6
EndFrame
SetLocation,-532.576716,7683.126084,-1351.621111
SetRotation,-0.871635,0.000000,-0.490156,0.484749,0.148133,-0.862018,0.072608,-0.988967,-0.129118
EditPaint,23822.000000,66468.000000,38464.000000,451.000000,0.000000,1.000000,0.000000,6
EndFrame
SetLocation,-532.576716,7683.126084,-1351.621111
SetRotation,-0.871635,0.000000,-0.490156,0.484749,0.148133,-0.862018,0.072608,-0.988967,-0.129118
EditPaint,23925.000000,66391.000000,38490.000000,451.000000,0.000000,1.000000,0.000000,6
EndFrame
SetLocation,-532.576716,7683.126084,-1351.621111
SetRotation,-0.871635,0.000000,-0.490156,0.484749,0.148133,-0.862018,0.072608,-0.988967,-0.129118
EditPaint,24086.000000,66375.000000,38633.000000,451.000000,0.000000,1.000000,0.000000,6
EndFrame
SetLocation,-532.576716,7683.126084,-1351.621111
SetRotation,-0.871635,0.000000,-0.490156,0.484749,0.148133,-0.862018,0.072608,-0.988967,-0.129118
EditPaint,24280.000000,66506.000000,38866.000000,451.000000,0.000000,1.000000,0.000000,6
EndFrame
SetLocation,-532.576716,7683.126084,-1351.621111
SetRotation,-0.871635,0.000000,-0.490156,0.484749,0.148133,-0.862018,0.072608,-0.988967,-0.129118
EditPaint,24358.000000,66412.000000,38929.000000,451.000000,0.000000,1.000000,0.000000,6
EndFrame
SetLocation,-532.576716,7683.126084,-1351.621111
SetRotation,-0.871635,0.000000,-0.490156,0.484749,0.148133,-0.862018,0.072608,-0.988967,-0.129118
EditPaint,24406.000000,66372.000000,38968.000000,451.000000,0.000000,1.000000,0.000000,6
EndFrame
SetLocation,-532.576716,7683.126084,-1351.621111
SetRotation,-0.871635,0.000000,-0.490156,0.484749,0.148133,-0.862018,0.072608,-0.988967,-0.129118
EditPaint,24373.000000,66128.000000,38898.000000,451.000000,0.000000,1.000000,0.000000,6
EndFrame
SetLocation,-532.576716,7683.126084,-1351.621111
SetRotation,-0.871635,0.000000,-0.490156,0.484749,0.148133,-0.862018,0.072608,-0.988967,-0.129118
EditPaint,24378.000000,65966.000000,38896.000000,451.000000,0.000000,1.000000,0.000000,6
EndFrame
SetLocation,-532.576716,7683.126084,-1351.621111
SetRotation,-0.871635,0.000000,-0.490156,0.484749,0.148133,-0.862018,0.072608,-0.988967,-0.129118
EditPaint,24383.000000,65690.000000,38899.000000,451.000000,0.000000,1.000000,0.000000,6
EndFrame
SetLocation,-532.576716,7683.126084,-1351.621111
SetRotation,-0.871635,0.000000,-0.490156,0.484749,0.148133,-0.862018,0.072608,-0.988967,-0.129118
EditPaint,24323.000000,65298.000000,38843.000000,451.000000,0.000000,1.000000,0.000000,6
EndFrame
SetLocation,-532.576716,7683.126084,-1351.621111
SetRotation,-0.871635,0.000000,-0.490156,0.484749,0.148133,-0.862018,0.072608,-0.988967,-0.129118
EditPaint,24264.000000,65025.000000,38869.000000,451.000000,0.000000,1.000000,0.000000,6
EndFrame
SetLocation,-532.576716,7683.126084,-1351.621111
SetRotation,-0.871635,0.000000,-0.490156,0.484749,0.148133,-0.862018,0.072608,-0.988967,-0.129118
EditPaint,24270.000000,64974.000000,39079.000000,451.000000,0.000000,1.000000,0.000000,6
EndFrame
SetLocation,-532.576716,7683.126084,-1351.621111
SetRotation,-0.871635,0.000000,-0.490156,0.484749,0.148133,-0.862018,0.072608,-0.988967,-0.129118
EditPaint,24232.000000,64963.000000,39371.000000,451.000000,0.000000,1.000000,0.000000,6
EndFrame
SetLocation,-532.576716,7683.126084,-1351.621111
SetRotation,-0.871635,0.000000,-0.490156,0.484749,0.148133,-0.862018,0.072608,-0.988967,-0.129118
EditPaint,24169.000000,64950.000000,39554.000000,451.000000,0.000000,1.000000,0.000000,6
EndFrame
SetLocation,-532.576716,7683.126084,-1351.621111
SetRotation,-0.871635,0.000000,-0.490156,0.484749,0.148133,-0.862018,0.072608,-0.988967,-0.129118
EditPaint,24103.000000,64943.000000,39688.000000,451.000000,0.000000,1.000000,0.000000,6
EndFrame
SetLocation,-532.576716,7683.126084,-1351.621111
SetRotation,-0.871635,0.000000,-0.490156,0.484749,0.148133,-0.862018,0.072608,-0.988967,-0.129118
EditPaint,24021.000000,64940.000000,39829.000000,451.000000,0.000000,1.000000,0.000000,6
EndFrame
SetLocation,-532.576716,7683.126084,-1351.621111
SetRotation,-0.871635,0.000000,-0.490156,0.484749,0.148133,-0.862018,0.072608,-0.988967,-0.129118
EditPaint,23908.000000,64930.000000,39935.000000,451.000000,0.000000,1.000000,0.000000,6
EndFrame
SetLocation,-532.576716,7683.126084,-1351.621111
SetRotation,-0.871635,0.000000,-0.490156,0.484749,0.148133,-0.862018,0.072608,-0.988967,-0.129118
EditPaint,24130.000000,65952.000000,40541.000000,451.000000,0.000000,1.000000,0.000000,6
EndFrame
SetLocation,-532.576716,7683.126084,-1351.621111
SetRotation,-0.871635,0.000000,-0.490156,0.484749,0.148133,-0.862018,0.072608,-0.988967,-0.129118
EditPaint,24290.000000,66694.000000,40958.000000,451.000000,0.000000,1.000000,0.000000,6
EndFrame
SetLocation,-532.576716,7683.126084,-1351.621111
SetRotation,-0.871635,0.000000,-0.490156,0.484749,0.148133,-0.862018,0.072608,-0.988967,-0.129118
EditPaint,24109.000000,66588.000000,40994.000000,451.000000,0.000000,1.000000,0.000000,6
EndFrame
SetLocation,-532.576716,7683.126084,-1351.621111
SetRotation,-0.871635,0.000000,-0.490156,0.484749,0.148133,-0.862018,0.072608,-0.988967,-0.129118
EditPaint,23935.000000,66562.000000,41066.000000,451.000000,0.000000,1.000000,0.000000,6
EndFrame
SetLocation,-532.576716,7683.126084,-1351.621111
SetRotation,-0.871635,0.000000,-0.490156,0.484749,0.148133,-0.862018,0.072608,-0.988967,-0.129118
EditPaint,23787.000000,66562.000000,41115.000000,451.000000,0.000000,1.000000,0.000000,6
EndFrame
SetLocation,-532.576716,7683.126084,-1351.621111
SetRotation,-0.871635,0.000000,-0.490156,0.484749,0.148133,-0.862018,0.072608,-0.988967,-0.129118
EditPaint,23630.000000,66562.000000,41159.000000,451.000000,0.000000,1.000000,0.000000,6
EndFrame
SetLocation,-532.576716,7683.126084,-1351.621111
SetRotation,-0.871635,0.000000,-0.490156,0.484749,0.148133,-0.862018,0.072608,-0.988967,-0.129118
EditPaint,23492.000000,66562.000000,41188.000000,451.000000,0.000000,1.000000,0.000000,6
EndFrame
SetLocation,-532.576716,7683.126084,-1351.621111
SetRotation,-0.871635,0.000000,-0.490156,0.484749,0.148133,-0.862018,0.072608,-0.988967,-0.129118
EditPaint,23403.000000,66562.000000,41191.000000,451.000000,0.000000,1.000000,0.000000,6
EndFrame
SetLocation,-532.576716,7683.126084,-1351.621111
SetRotation,-0.871635,0.000000,-0.490156,0.484749,0.148133,-0.862018,0.072608,-0.988967,-0.129118
EditPaint,23315.000000,66562.000000,41193.000000,451.000000,0.000000,1.000000,0.000000,6
EndFrame
SetLocation,-532.576716,7683.126084,-1351.621111
SetRotation,-0.871635,0.000000,-0.490156,0.484749,0.148133,-0.862018,0.072608,-0.988967,-0.129118
EditPaint,22907.000000,66074.000000,40940.000000,451.000000,0.000000,1.000000,0.000000,6
EndFrame
SetLocation,-532.576716,7683.126084,-1351.621111
SetRotation,-0.871635,0.000000,-0.490156,0.484749,0.148133,-0.862018,0.072608,-0.988967,-0.129118
EditPaint,22750.000000,66092.000000,40881.000000,451.000000,0.000000,1.000000,0.000000,6
EndFrame
SetLocation,-532.576716,7683.126084,-1351.621111
SetRotation,-0.871635,0.000000,-0.490156,0.484749,0.148133,-0.862018,0.072608,-0.988967,-0.129118
EditPaint,22004.000000,64904.000000,40325.000000,451.000000,0.000000,1.000000,0.000000,6
EndFrame
SetLocation,-532.576716,7683.126084,-1351.621111
SetRotation,-0.871635,0.000000,-0.490156,0.484749,0.148133,-0.862018,0.072608,-0.988967,-0.129118
EditPaint,22004.000000,65012.000000,40339.000000,451.000000,0.000000,1.000000,0.000000,6
EndFrame
SetLocation,-532.576716,7683.126084,-1351.621111
SetRotation,-0.871635,0.000000,-0.490156,0.484749,0.148133,-0.862018,0.072608,-0.988967,-0.129118
EditPaint,22004.000000,65202.000000,40363.000000,451.000000,0.000000,1.000000,0.000000,6
EndFrame
SetLocation,-532.576716,7683.126084,-1351.621111
SetRotation,-0.871635,0.000000,-0.490156,0.484749,0.148133,-0.862018,0.072608,-0.988967,-0.129118
EditPaint,22004.000000,65425.000000,40391.000000,451.000000,0.000000,1.000000,0.000000,6
EndFrame
SetLocation,-532.576716,7683.126084,-1351.621111
SetRotation,-0.871635,0.000000,-0.490156,0.484749,0.148133,-0.862018,0.072608,-0.988967,-0.129118
EditPaint,22005.000000,65661.000000,40422.000000,451.000000,0.000000,1.000000,0.000000,6
EndFrame
SetLocation,-532.576716,7683.126084,-1351.621111
SetRotation,-0.871635,0.000000,-0.490156,0.484749,0.148133,-0.862018,0.072608,-0.988967,-0.129118
EditPaint,21950.000000,65763.000000,40418.000000,451.000000,0.000000,1.000000,0.000000,6
EndFrame
SetLocation,-532.576716,7683.126084,-1351.621111
SetRotation,-0.871635,0.000000,-0.490156,0.484749,0.148133,-0.862018,0.072608,-0.988967,-0.129118
EditPaint,21950.000000,65782.000000,40420.000000,451.000000,0.000000,1.000000,0.000000,6
EndFrame
SetLocation,-532.576716,7683.126084,-1351.621111
SetRotation,-0.871635,0.000000,-0.490156,0.484749,0.148133,-0.862018,0.072608,-0.988967,-0.129118
EditPaint,21950.000000,65782.000000,40420.000000,451.000000,0.000000,1.000000,0.000000,6
EndFrame
SetLocation,-532.576716,7683.126084,-1351.621111
SetRotation,-0.871635,0.000000,-0.490156,0.484749,0.148133,-0.862018,0.072608,-0.988967,-0.129118
EndFrame
SetLocation,-532.576716,7683.126084,-1351.621111
SetRotation,-0.871635,0.000000,-0.490156,0.484749,0.148133,-0.862018,0.072608,-0.988967,-0.129118
EndFrame
SetLocation,-532.576716,7683.126084,-1351.621111
SetRotation,-0.871635,0.000000,-0.490156,0.484749,0.148133,-0.862018,0.072608,-0.988967,-0.129118
EndFrame
SetLocation,-532.576716,7683.126084,-1351.621111
SetRotation,-0.871635,0.000000,-0.490156,0.484749,0.148133,-0.862018,0.072608,-0.988967,-0.129118
EndFrame
SetLocation,-532.576716,7683.126084,-1351.621111
SetRotation,-0.871635,0.000000,-0.490156,0.484749,0.148133,-0.862018,0.072608,-0.988967,-0.129118
EndFrame
SetLocation,-532.576716,7683.126084,-1351.621111
SetRotation,-0.871635,0.000000,-0.490156,0.484749,0.148133,-0.862018,0.072608,-0.988967,-0.129118
EndFrame
SetLocation,-532.576716,7683.126084,-1351.621111
SetRotation,-0.871635,0.000000,-0.490156,0.484749,0.148133,-0.862018,0.072608,-0.988967,-0.129118
EndFrame
SetLocation,-532.576716,7683.126084,-1351.621111
