SetLocation,-956.389906,1087.72226,6347.015442,,,,,,,
SetRotation,-0.458302,0,-0.888797,0.178687,0.979582,-0.092139,0.87065,-0.201043,-0.448944,
EndFrame,,,,,,,,,,
SetLocation,-956.389906,1087.72226,6347.015442,,,,,,,
SetRotation,-0.458302,0,-0.888797,0.178687,0.979582,-0.092139,0.87065,-0.201043,-0.448944,
EditCopy,15919,32934,25345,15983,32860,25406,16284,32748,26385,1
EndFrame,,,,,,,,,,
SetLocation,-956.389906,1087.72226,6347.015442,,,,,,,
SetRotation,-0.458302,0,-0.888797,0.178687,0.979582,-0.092139,0.87065,-0.201043,-0.448944,
EditCopy,15919,32934,25345,15983,32860,25406,16284,32748,26385,2
EndFrame,,,,,,,,,,
SetLocation,-956.389906,1087.72226,6347.015442,,,,,,,
SetRotation,-0.458302,0,-0.888797,0.178687,0.979582,-0.092139,0.87065,-0.201043,-0.448944,
EditCopy,15916,32935,25342,15983,32860,25406,16284,32748,26385,3
EndFrame,,,,,,,,,,
SetLocation,-956.389906,1087.72226,6347.015442,,,,,,,
SetRotation,-0.458302,0,-0.888797,0.178687,0.979582,-0.092139,0.87065,-0.201043,-0.448944,
EditCopy,15916,32935,25342,15983,32860,25406,16284,32748,26385,4
EndFrame,,,,,,,,,,
SetLocation,-956.389906,1087.72226,6347.015442,,,,,,,
SetRotation,-0.458302,0,-0.888797,0.178687,0.979582,-0.092139,0.87065,-0.201043,-0.448944,
EditCopy,15915,32980,25327,15983,32860,25406,16284,32748,26385,5
EndFrame,,,,,,,,,,
SetLocation,-956.389906,1087.72226,6347.015442,,,,,,,
SetRotation,-0.458302,0,-0.888797,0.178687,0.979582,-0.092139,0.87065,-0.201043,-0.448944,
EditCopy,15915,32983,25327,15983,32860,25406,16284,32748,26385,6
EndFrame,,,,,,,,,,
SetLocation,-956.389906,1087.72226,6347.015442,,,,,,,
SetRotation,-0.458302,0,-0.888797,0.178687,0.979582,-0.092139,0.87065,-0.201043,-0.448944,
EditCopy,15915,32983,25327,15983,32860,25406,16284,32748,26385,7
EndFrame,,,,,,,,,,
SetLocation,-956.389906,1087.72226,6347.015442,,,,,,,
SetRotation,-0.458302,0,-0.888797,0.178687,0.979582,-0.092139,0.87065,-0.201043,-0.448944,
EditCopy,15915,32983,25327,15983,32860,25406,16284,32748,26385,8
EndFrame,,,,,,,,,,
SetLocation,-956.389906,1087.72226,6347.015442,,,,,,,
SetRotation,-0.458302,0,-0.888797,0.178687,0.979582,-0.092139,0.87065,-0.201043,-0.448944,
EditCopy,15921,33010,25328,15983,32860,25406,16284,32748,26385,9
EndFrame,,,,,,,,,,
SetLocation,-956.389906,1087.72226,6347.015442,,,,,,,
SetRotation,-0.458302,0,-0.888797,0.178687,0.979582,-0.092139,0.87065,-0.201043,-0.448944,
EditCopy,15926,33020,25332,15983,32860,25406,16284,32748,26385,10
EndFrame,,,,,,,,,,
SetLocation,-956.389906,1087.72226,6347.015442,,,,,,,
SetRotation,-0.458302,0,-0.888797,0.178687,0.979582,-0.092139,0.87065,-0.201043,-0.448944,
EditCopy,15926,33020,25332,15983,32860,25406,16284,32748,26385,11
EndFrame,,,,,,,,,,
SetLocation,-956.389906,1087.72226,6347.015442,,,,,,,
SetRotation,-0.458302,0,-0.888797,0.178687,0.979582,-0.092139,0.87065,-0.201043,-0.448944,
EditCopy,15926,33020,25332,15983,32860,25406,16284,32748,26385,12
EndFrame,,,,,,,,,,
SetLocation,-956.389906,1087.72226,6347.015442,,,,,,,
SetRotation,-0.458302,0,-0.888797,0.178687,0.979582,-0.092139,0.87065,-0.201043,-0.448944,
EditCopy,15929,33041,25330,15983,32860,25406,16284,32748,26385,13
EndFrame,,,,,,,,,,
SetLocation,-956.389906,1087.72226,6347.015442,,,,,,,
SetRotation,-0.458302,0,-0.888797,0.178687,0.979582,-0.092139,0.87065,-0.201043,-0.448944,
EditCopy,15933,33056,25329,15983,32860,25406,16284,32748,26385,14
EndFrame,,,,,,,,,,
SetLocation,-956.389906,1087.72226,6347.015442,,,,,,,
SetRotation,-0.458302,0,-0.888797,0.178687,0.979582,-0.092139,0.87065,-0.201043,-0.448944,
EditCopy,15937,33080,25327,15983,32860,25406,16284,32748,26385,15
EndFrame,,,,,,,,,,
SetLocation,-956.389906,1087.72226,6347.015442,,,,,,,
SetRotation,-0.458302,0,-0.888797,0.178687,0.979582,-0.092139,0.87065,-0.201043,-0.448944,
EditCopy,15941,33105,25325,15983,32860,25406,16284,32748,26385,16
EndFrame,,,,,,,,,,
SetLocation,-956.389906,1087.72226,6347.015442,,,,,,,
SetRotation,-0.458302,0,-0.888797,0.178687,0.979582,-0.092139,0.87065,-0.201043,-0.448944,
EditCopy,15945,33137,25323,15983,32860,25406,16284,32748,26385,17
EndFrame,,,,,,,,,,
SetLocation,-956.389906,1087.72226,6347.015442,,,,,,,
SetRotation,-0.458302,0,-0.888797,0.178687,0.979582,-0.092139,0.87065,-0.201043,-0.448944,
EditCopy,15948,33168,25322,15983,32860,25406,16284,32748,26385,18
EndFrame,,,,,,,,,,
SetLocation,-956.389906,1087.72226,6347.015442,,,,,,,
SetRotation,-0.458302,0,-0.888797,0.178687,0.979582,-0.092139,0.87065,-0.201043,-0.448944,
EditCopy,15953,33206,25321,15983,32860,25406,16284,32748,26385,19
EndFrame,,,,,,,,,,
SetLocation,-956.389906,1087.72226,6347.015442,,,,,,,
SetRotation,-0.458302,0,-0.888797,0.178687,0.979582,-0.092139,0.87065,-0.201043,-0.448944,
EditCopy,15958,33247,25319,15983,32860,25406,16284,32748,26385,20
EndFrame,,,,,,,,,,
SetLocation,-956.389906,1087.72226,6347.015442,,,,,,,
SetRotation,-0.458302,0,-0.888797,0.178687,0.979582,-0.092139,0.87065,-0.201043,-0.448944,
EditCopy,15964,33295,25318,15983,32860,25406,16284,32748,26385,21
EndFrame,,,,,,,,,,
SetLocation,-956.389906,1087.72226,6347.015442,,,,,,,
SetRotation,-0.458302,0,-0.888797,0.178687,0.979582,-0.092139,0.87065,-0.201043,-0.448944,
EditCopy,15966,33333,25314,15983,32860,25406,16284,32748,26385,22
EndFrame,,,,,,,,,,
SetLocation,-956.389906,1087.72226,6347.015442,,,,,,,
SetRotation,-0.458302,0,-0.888797,0.178687,0.979582,-0.092139,0.87065,-0.201043,-0.448944,
EditCopy,15974,33382,25314,15983,32860,25406,16284,32748,26385,23
EndFrame,,,,,,,,,,
SetLocation,-956.389906,1087.72226,6347.015442,,,,,,,
SetRotation,-0.458302,0,-0.888797,0.178687,0.979582,-0.092139,0.87065,-0.201043,-0.448944,
EditCopy,15983,33436,25318,15983,32860,25406,16284,32748,26385,24
EndFrame,,,,,,,,,,
SetLocation,-956.389906,1087.72226,6347.015442,,,,,,,
SetRotation,-0.458302,0,-0.888797,0.178687,0.979582,-0.092139,0.87065,-0.201043,-0.448944,
EditCopy,15985,33475,25320,15983,32860,25406,16284,32748,26385,25
EndFrame,,,,,,,,,,
SetLocation,-956.389906,1087.72226,6347.015442,,,,,,,
SetRotation,-0.458302,0,-0.888797,0.178687,0.979582,-0.092139,0.87065,-0.201043,-0.448944,
EditCopy,15986,33511,25321,15983,32860,25406,16284,32748,26385,26
EndFrame,,,,,,,,,,
SetLocation,-956.389906,1087.72226,6347.015442,,,,,,,
SetRotation,-0.458302,0,-0.888797,0.178687,0.979582,-0.092139,0.87065,-0.201043,-0.448944,
EditCopy,15988,33550,25323,15983,32860,25406,16284,32748,26385,27
EndFrame,,,,,,,,,,
SetLocation,-956.389906,1087.72226,6347.015442,,,,,,,
SetRotation,-0.458302,0,-0.888797,0.178687,0.979582,-0.092139,0.87065,-0.201043,-0.448944,
EditCopy,15990,33582,25324,15983,32860,25406,16284,32748,26385,28
EndFrame,,,,,,,,,,
SetLocation,-956.389906,1087.72226,6347.015442,,,,,,,
SetRotation,-0.458302,0,-0.888797,0.178687,0.979582,-0.092139,0.87065,-0.201043,-0.448944,
EditCopy,15993,33649,25325,15983,32860,25406,16284,32748,26385,29
EndFrame,,,,,,,,,,
SetLocation,-956.389906,1087.72226,6347.015442,,,,,,,
SetRotation,-0.458302,0,-0.888797,0.178687,0.979582,-0.092139,0.87065,-0.201043,-0.448944,
EditCopy,15995,33683,25326,15983,32860,25406,16284,32748,26385,30
EndFrame,,,,,,,,,,
SetLocation,-956.389906,1087.72226,6347.015442,,,,,,,
SetRotation,-0.458302,0,-0.888797,0.178687,0.979582,-0.092139,0.87065,-0.201043,-0.448944,
EditCopy,15998,33737,25328,15983,32860,25406,16284,32748,26385,31
EndFrame,,,,,,,,,,
SetLocation,-956.389906,1087.72226,6347.015442,,,,,,,
SetRotation,-0.458302,0,-0.888797,0.178687,0.979582,-0.092139,0.87065,-0.201043,-0.448944,
EditCopy,16001,33796,25329,15983,32860,25406,16284,32748,26385,32
EndFrame,,,,,,,,,,
SetLocation,-956.389906,1087.72226,6347.015442,,,,,,,
SetRotation,-0.458302,0,-0.888797,0.178687,0.979582,-0.092139,0.87065,-0.201043,-0.448944,
EditCopy,15998,33835,25328,15983,32860,25406,16284,32748,26385,33
EndFrame,,,,,,,,,,
SetLocation,-956.389906,1087.72226,6347.015442,,,,,,,
SetRotation,-0.458302,0,-0.888797,0.178687,0.979582,-0.092139,0.87065,-0.201043,-0.448944,
EditCopy,15997,33881,25327,15983,32860,25406,16284,32748,26385,34
EndFrame,,,,,,,,,,
SetLocation,-956.389906,1087.72226,6347.015442,,,,,,,
SetRotation,-0.458302,0,-0.888797,0.178687,0.979582,-0.092139,0.87065,-0.201043,-0.448944,
EditCopy,15992,33935,25325,15983,32860,25406,16284,32748,26385,35
EndFrame,,,,,,,,,,
SetLocation,-956.389906,1087.72226,6347.015442,,,,,,,
SetRotation,-0.458302,0,-0.888797,0.178687,0.979582,-0.092139,0.87065,-0.201043,-0.448944,
EditCopy,15982,34001,25317,15983,32860,25406,16284,32748,26385,36
EndFrame,,,,,,,,,,
SetLocation,-956.389906,1087.72226,6347.015442,,,,,,,
SetRotation,-0.458302,0,-0.888797,0.178687,0.979582,-0.092139,0.87065,-0.201043,-0.448944,
EditCopy,15975,34011,25311,15983,32860,25406,16284,32748,26385,37
EndFrame,,,,,,,,,,
SetLocation,-956.389906,1087.72226,6347.015442,,,,,,,
SetRotation,-0.458302,0,-0.888797,0.178687,0.979582,-0.092139,0.87065,-0.201043,-0.448944,
EditCopy,15973,34011,25309,15983,32860,25406,16284,32748,26385,38
EndFrame,,,,,,,,,,
SetLocation,-956.389906,1087.72226,6347.015442,,,,,,,
SetRotation,-0.458302,0,-0.888797,0.178687,0.979582,-0.092139,0.87065,-0.201043,-0.448944,
EditCopy,15965,34006,25302,15983,32860,25406,16284,32748,26385,39
EndFrame,,,,,,,,,,
SetLocation,-956.389906,1087.72226,6347.015442,,,,,,,
SetRotation,-0.458302,0,-0.888797,0.178687,0.979582,-0.092139,0.87065,-0.201043,-0.448944,
EditCopy,15955,33973,25288,15983,32860,25406,16284,32748,26385,40
EndFrame,,,,,,,,,,
SetLocation,-956.389906,1087.72226,6347.015442,,,,,,,
SetRotation,-0.458302,0,-0.888797,0.178687,0.979582,-0.092139,0.87065,-0.201043,-0.448944,
EditCopy,15951,33925,25281,15983,32860,25406,16284,32748,26385,41
EndFrame,,,,,,,,,,
SetLocation,-956.389906,1087.72226,6347.015442,,,,,,,
SetRotation,-0.458302,0,-0.888797,0.178687,0.979582,-0.092139,0.87065,-0.201043,-0.448944,
EditCopy,15945,33876,25271,15983,32860,25406,16284,32748,26385,42
EndFrame,,,,,,,,,,
SetLocation,-956.389906,1087.72226,6347.015442,,,,,,,
SetRotation,-0.458302,0,-0.888797,0.178687,0.979582,-0.092139,0.87065,-0.201043,-0.448944,
EditCopy,15944,33829,25268,15983,32860,25406,16284,32748,26385,43
EndFrame,,,,,,,,,,
SetLocation,-956.389906,1087.72226,6347.015442,,,,,,,
SetRotation,-0.458302,0,-0.888797,0.178687,0.979582,-0.092139,0.87065,-0.201043,-0.448944,
EditCopy,15943,33788,25265,15983,32860,25406,16284,32748,26385,44
EndFrame,,,,,,,,,,
SetLocation,-956.389906,1087.72226,6347.015442,,,,,,,
SetRotation,-0.458302,0,-0.888797,0.178687,0.979582,-0.092139,0.87065,-0.201043,-0.448944,
EditCopy,15942,33750,25262,15983,32860,25406,16284,32748,26385,45
EndFrame,,,,,,,,,,
SetLocation,-956.389906,1087.72226,6347.015442,,,,,,,
SetRotation,-0.458302,0,-0.888797,0.178687,0.979582,-0.092139,0.87065,-0.201043,-0.448944,
EditCopy,15940,33693,25256,15983,32860,25406,16284,32748,26385,46
EndFrame,,,,,,,,,,
SetLocation,-956.389906,1087.72226,6347.015442,,,,,,,
SetRotation,-0.458302,0,-0.888797,0.178687,0.979582,-0.092139,0.87065,-0.201043,-0.448944,
EditCopy,15940,33654,25253,15983,32860,25406,16284,32748,26385,47
EndFrame,,,,,,,,,,
SetLocation,-956.389906,1087.72226,6347.015442,,,,,,,
SetRotation,-0.458302,0,-0.888797,0.178687,0.979582,-0.092139,0.87065,-0.201043,-0.448944,
EditCopy,15938,33609,25247,15983,32860,25406,16284,32748,26385,48
EndFrame,,,,,,,,,,
SetLocation,-956.389906,1087.72226,6347.015442,,,,,,,
SetRotation,-0.458302,0,-0.888797,0.178687,0.979582,-0.092139,0.87065,-0.201043,-0.448944,
EditCopy,15936,33523,25233,15983,32860,25406,16284,32748,26385,49
EndFrame,,,,,,,,,,
SetLocation,-956.389906,1087.72226,6347.015442,,,,,,,
SetRotation,-0.458302,0,-0.888797,0.178687,0.979582,-0.092139,0.87065,-0.201043,-0.448944,
EditCopy,15935,33457,25216,15983,32860,25406,16284,32748,26385,50
EndFrame,,,,,,,,,,
SetLocation,-956.389906,1087.72226,6347.015442,,,,,,,
SetRotation,-0.458302,0,-0.888797,0.178687,0.979582,-0.092139,0.87065,-0.201043,-0.448944,
EditCopy,15935,33393,25198,15983,32860,25406,16284,32748,26385,51
EndFrame,,,,,,,,,,
SetLocation,-956.389906,1087.72226,6347.015442,,,,,,,
SetRotation,-0.458302,0,-0.888797,0.178687,0.979582,-0.092139,0.87065,-0.201043,-0.448944,
EditCopy,15931,33344,25193,15983,32860,25406,16284,32748,26385,52
EndFrame,,,,,,,,,,
SetLocation,-956.389906,1087.72226,6347.015442,,,,,,,
SetRotation,-0.458302,0,-0.888797,0.178687,0.979582,-0.092139,0.87065,-0.201043,-0.448944,
EditCopy,15922,33264,25195,15983,32860,25406,16284,32748,26385,53
EndFrame,,,,,,,,,,
SetLocation,-956.389906,1087.72226,6347.015442,,,,,,,
SetRotation,-0.458302,0,-0.888797,0.178687,0.979582,-0.092139,0.87065,-0.201043,-0.448944,
EditCopy,15912,33199,25212,15983,32860,25406,16284,32748,26385,54
EndFrame,,,,,,,,,,
SetLocation,-956.389906,1087.72226,6347.015442,,,,,,,
SetRotation,-0.458302,0,-0.888797,0.178687,0.979582,-0.092139,0.87065,-0.201043,-0.448944,
EditCopy,15906,33140,25221,15983,32860,25406,16284,32748,26385,55
EndFrame,,,,,,,,,,
SetLocation,-956.389906,1087.72226,6347.015442,,,,,,,
SetRotation,-0.458302,0,-0.888797,0.178687,0.979582,-0.092139,0.87065,-0.201043,-0.448944,
EditCopy,15895,33067,25225,15983,32860,25406,16284,32748,26385,56
EndFrame,,,,,,,,,,
SetLocation,-956.389906,1087.72226,6347.015442,,,,,,,
SetRotation,-0.458302,0,-0.888797,0.178687,0.979582,-0.092139,0.87065,-0.201043,-0.448944,
EditCopy,15887,33013,25245,15983,32860,25406,16284,32748,26385,57
EndFrame,,,,,,,,,,
SetLocation,-956.389906,1087.72226,6347.015442,,,,,,,
SetRotation,-0.458302,0,-0.888797,0.178687,0.979582,-0.092139,0.87065,-0.201043,-0.448944,
EditCopy,15882,32986,25252,15983,32860,25406,16284,32748,26385,58
EndFrame,,,,,,,,,,
SetLocation,-956.389906,1087.72226,6347.015442,,,,,,,
SetRotation,-0.458302,0,-0.888797,0.178687,0.979582,-0.092139,0.87065,-0.201043,-0.448944,
EditCopy,15882,32986,25252,15983,32860,25406,16284,32748,26385,59
EndFrame,,,,,,,,,,
SetLocation,-956.389906,1087.72226,6347.015442,,,,,,,
SetRotation,-0.458302,0,-0.888797,0.178687,0.979582,-0.092139,0.87065,-0.201043,-0.448944,
EditCopy,15917,33083,25297,15983,32860,25406,16284,32748,26385,60
EndFrame,,,,,,,,,,
SetLocation,-956.389906,1087.72226,6347.015442,,,,,,,
SetRotation,-0.458302,0,-0.888797,0.178687,0.979582,-0.092139,0.87065,-0.201043,-0.448944,
EditCopy,15937,33151,25312,15983,32860,25406,16284,32748,26385,61
EndFrame,,,,,,,,,,
SetLocation,-956.389906,1087.72226,6347.015442,,,,,,,
SetRotation,-0.458302,0,-0.888797,0.178687,0.979582,-0.092139,0.87065,-0.201043,-0.448944,
EditCopy,15956,33232,25320,15983,32860,25406,16284,32748,26385,62
EndFrame,,,,,,,,,,
SetLocation,-956.389906,1087.72226,6347.015442,,,,,,,
SetRotation,-0.458302,0,-0.888797,0.178687,0.979582,-0.092139,0.87065,-0.201043,-0.448944,
EditCopy,15965,33304,25317,15983,32860,25406,16284,32748,26385,63
EndFrame,,,,,,,,,,
SetLocation,-956.389906,1087.72226,6347.015442,,,,,,,
SetRotation,-0.458302,0,-0.888797,0.178687,0.979582,-0.092139,0.87065,-0.201043,-0.448944,
EditCopy,15971,33357,25315,15983,32860,25406,16284,32748,26385,64
EndFrame,,,,,,,,,,
SetLocation,-956.389906,1087.72226,6347.015442,,,,,,,
SetRotation,-0.458302,0,-0.888797,0.178687,0.979582,-0.092139,0.87065,-0.201043,-0.448944,
EditCopy,15978,33427,25314,15983,32860,25406,16284,32748,26385,65
EndFrame,,,,,,,,,,
SetLocation,-956.389906,1087.72226,6347.015442,,,,,,,
SetRotation,-0.458302,0,-0.888797,0.178687,0.979582,-0.092139,0.87065,-0.201043,-0.448944,
EditCopy,15982,33512,25317,15983,32860,25406,16284,32748,26385,66
EndFrame,,,,,,,,,,
SetLocation,-956.389906,1087.72226,6347.015442,,,,,,,
SetRotation,-0.458302,0,-0.888797,0.178687,0.979582,-0.092139,0.87065,-0.201043,-0.448944,
EditCopy,15985,33589,25320,15983,32860,25406,16284,32748,26385,67
EndFrame,,,,,,,,,,
SetLocation,-956.389906,1087.72226,6347.015442,,,,,,,
SetRotation,-0.458302,0,-0.888797,0.178687,0.979582,-0.092139,0.87065,-0.201043,-0.448944,
EditCopy,15988,33663,25323,15983,32860,25406,16284,32748,26385,68
EndFrame,,,,,,,,,,
SetLocation,-956.389906,1087.72226,6347.015442,,,,,,,
SetRotation,-0.458302,0,-0.888797,0.178687,0.979582,-0.092139,0.87065,-0.201043,-0.448944,
EditCopy,15992,33741,25325,15983,32860,25406,16284,32748,26385,69
EndFrame,,,,,,,,,,
SetLocation,-956.389906,1087.72226,6347.015442,,,,,,,
SetRotation,-0.458302,0,-0.888797,0.178687,0.979582,-0.092139,0.87065,-0.201043,-0.448944,
EditCopy,15991,33814,25324,15983,32860,25406,16284,32748,26385,70
EndFrame,,,,,,,,,,
SetLocation,-956.389906,1087.72226,6347.015442,,,,,,,
SetRotation,-0.458302,0,-0.888797,0.178687,0.979582,-0.092139,0.87065,-0.201043,-0.448944,
EditCopy,15995,33888,25326,15983,32860,25406,16284,32748,26385,71
EndFrame,,,,,,,,,,
SetLocation,-956.389906,1087.72226,6347.015442,,,,,,,
SetRotation,-0.458302,0,-0.888797,0.178687,0.979582,-0.092139,0.87065,-0.201043,-0.448944,
EditCopy,15996,33953,25327,15983,32860,25406,16284,32748,26385,72
EndFrame,,,,,,,,,,
SetLocation,-956.389906,1087.72226,6347.015442,,,,,,,
SetRotation,-0.458302,0,-0.888797,0.178687,0.979582,-0.092139,0.87065,-0.201043,-0.448944,
EditCopy,15999,34020,25328,15983,32860,25406,16284,32748,26385,73
EndFrame,,,,,,,,,,
SetLocation,-956.389906,1087.72226,6347.015442,,,,,,,
SetRotation,-0.458302,0,-0.888797,0.178687,0.979582,-0.092139,0.87065,-0.201043,-0.448944,
EditCopy,16003,34092,25331,15983,32860,25406,16284,32748,26385,74
EndFrame,,,,,,,,,,
SetLocation,-956.389906,1087.72226,6347.015442,,,,,,,
SetRotation,-0.458302,0,-0.888797,0.178687,0.979582,-0.092139,0.87065,-0.201043,-0.448944,
EditCopy,15993,34201,25325,15983,32860,25406,16284,32748,26385,75
EndFrame,,,,,,,,,,
SetLocation,-956.389906,1087.72226,6347.015442,,,,,,,
SetRotation,-0.458302,0,-0.888797,0.178687,0.979582,-0.092139,0.87065,-0.201043,-0.448944,
EditCopy,15998,34289,25328,15983,32860,25406,16284,32748,26385,76
EndFrame,,,,,,,,,,
SetLocation,-956.389906,1087.72226,6347.015442,,,,,,,
SetRotation,-0.458302,0,-0.888797,0.178687,0.979582,-0.092139,0.87065,-0.201043,-0.448944,
EditCopy,15991,34357,25324,15983,32860,25406,16284,32748,26385,77
EndFrame,,,,,,,,,,
SetLocation,-956.389906,1087.72226,6347.015442,,,,,,,
SetRotation,-0.458302,0,-0.888797,0.178687,0.979582,-0.092139,0.87065,-0.201043,-0.448944,
EditCopy,15984,34435,25319,15983,32860,25406,16284,32748,26385,78
EndFrame,,,,,,,,,,
SetLocation,-956.389906,1087.72226,6347.015442,,,,,,,
SetRotation,-0.458302,0,-0.888797,0.178687,0.979582,-0.092139,0.87065,-0.201043,-0.448944,
EditCopy,15984,34441,25319,15983,32860,25406,16284,32748,26385,79
EndFrame,,,,,,,,,,
SetLocation,-956.389906,1087.72226,6347.015442,,,,,,,
SetRotation,-0.458302,0,-0.888797,0.178687,0.979582,-0.092139,0.87065,-0.201043,-0.448944,
EditCopy,15966,34436,25303,15983,32860,25406,16284,32748,26385,80
EndFrame,,,,,,,,,,
SetLocation,-956.389906,1087.72226,6347.015442,,,,,,,
SetRotation,-0.458302,0,-0.888797,0.178687,0.979582,-0.092139,0.87065,-0.201043,-0.448944,
EditCopy,15951,34344,25282,15983,32860,25406,16284,32748,26385,81
EndFrame,,,,,,,,,,
SetLocation,-956.389906,1087.72226,6347.015442,,,,,,,
SetRotation,-0.458302,0,-0.888797,0.178687,0.979582,-0.092139,0.87065,-0.201043,-0.448944,
EditCopy,15945,34257,25269,15983,32860,25406,16284,32748,26385,82
EndFrame,,,,,,,,,,
SetLocation,-956.389906,1087.72226,6347.015442,,,,,,,
SetRotation,-0.458302,0,-0.888797,0.178687,0.979582,-0.092139,0.87065,-0.201043,-0.448944,
EditCopy,15942,34154,25262,15983,32860,25406,16284,32748,26385,83
EndFrame,,,,,,,,,,
SetLocation,-956.389906,1087.72226,6347.015442,,,,,,,
SetRotation,-0.458302,0,-0.888797,0.178687,0.979582,-0.092139,0.87065,-0.201043,-0.448944,
EditCopy,15939,34076,25251,15983,32860,25406,16284,32748,26385,84
EndFrame,,,,,,,,,,
SetLocation,-956.389906,1087.72226,6347.015442,,,,,,,
SetRotation,-0.458302,0,-0.888797,0.178687,0.979582,-0.092139,0.87065,-0.201043,-0.448944,
EditCopy,15939,34003,25252,15983,32860,25406,16284,32748,26385,85
EndFrame,,,,,,,,,,
SetLocation,-956.389906,1087.72226,6347.015442,,,,,,,
SetRotation,-0.458302,0,-0.888797,0.178687,0.979582,-0.092139,0.87065,-0.201043,-0.448944,
EditCopy,15936,33892,25237,15983,32860,25406,16284,32748,26385,86
EndFrame,,,,,,,,,,
SetLocation,-956.389906,1087.72226,6347.015442,,,,,,,
SetRotation,-0.458302,0,-0.888797,0.178687,0.979582,-0.092139,0.87065,-0.201043,-0.448944,
EditCopy,15935,33752,25222,15983,32860,25406,16284,32748,26385,87
EndFrame,,,,,,,,,,
SetLocation,-956.389906,1087.72226,6347.015442,,,,,,,
SetRotation,-0.458302,0,-0.888797,0.178687,0.979582,-0.092139,0.87065,-0.201043,-0.448944,
EditCopy,15939,33643,25191,15983,32860,25406,16284,32748,26385,88
EndFrame,,,,,,,,,,
SetLocation,-956.389906,1087.72226,6347.015442,,,,,,,
SetRotation,-0.458302,0,-0.888797,0.178687,0.979582,-0.092139,0.87065,-0.201043,-0.448944,
EditCopy,15939,33536,25190,15983,32860,25406,16284,32748,26385,89
EndFrame,,,,,,,,,,
SetLocation,-956.389906,1087.72226,6347.015442,,,,,,,
SetRotation,-0.458302,0,-0.888797,0.178687,0.979582,-0.092139,0.87065,-0.201043,-0.448944,
EditCopy,15946,33429,25169,15983,32860,25406,16284,32748,26385,90
EndFrame,,,,,,,,,,
SetLocation,-956.389906,1087.72226,6347.015442,,,,,,,
SetRotation,-0.458302,0,-0.888797,0.178687,0.979582,-0.092139,0.87065,-0.201043,-0.448944,
EditCopy,15946,33338,25152,15983,32860,25406,16284,32748,26385,91
EndFrame,,,,,,,,,,
SetLocation,-956.389906,1087.72226,6347.015442,,,,,,,
SetRotation,-0.458302,0,-0.888797,0.178687,0.979582,-0.092139,0.87065,-0.201043,-0.448944,
EditCopy,15933,33257,25158,15983,32860,25406,16284,32748,26385,92
EndFrame,,,,,,,,,,
SetLocation,-956.389906,1087.72226,6347.015442,,,,,,,
SetRotation,-0.458302,0,-0.888797,0.178687,0.979582,-0.092139,0.87065,-0.201043,-0.448944,
EditCopy,15930,33172,25144,15983,32860,25406,16284,32748,26385,93
EndFrame,,,,,,,,,,
SetLocation,-956.389906,1087.72226,6347.015442,,,,,,,
SetRotation,-0.458302,0,-0.888797,0.178687,0.979582,-0.092139,0.87065,-0.201043,-0.448944,
EditCopy,15907,33090,25169,15983,32860,25406,16284,32748,26385,94
EndFrame,,,,,,,,,,
SetLocation,-956.389906,1087.72226,6347.015442,,,,,,,
SetRotation,-0.458302,0,-0.888797,0.178687,0.979582,-0.092139,0.87065,-0.201043,-0.448944,
EditCopy,15887,33025,25208,15983,32860,25406,16284,32748,26385,95
EndFrame,,,,,,,,,,
SetLocation,-956.389906,1087.72226,6347.015442,,,,,,,
SetRotation,-0.458302,0,-0.888797,0.178687,0.979582,-0.092139,0.87065,-0.201043,-0.448944,
EditCopy,15881,32976,25248,15983,32860,25406,16284,32748,26385,96
EndFrame,,,,,,,,,,
SetLocation,-956.389906,1087.72226,6347.015442,,,,,,,
SetRotation,-0.458302,0,-0.888797,0.178687,0.979582,-0.092139,0.87065,-0.201043,-0.448944,
EditCopy,15898,32959,25308,15983,32860,25406,16284,32748,26385,97
EndFrame,,,,,,,,,,
SetLocation,-956.389906,1087.72226,6347.015442,,,,,,,
SetRotation,-0.458302,0,-0.888797,0.178687,0.979582,-0.092139,0.87065,-0.201043,-0.448944,
EditCopy,15955,32965,25370,15983,32860,25406,16284,32748,26385,98
EndFrame,,,,,,,,,,
SetLocation,-956.389906,1087.72226,6347.015442,,,,,,,
SetRotation,-0.458302,0,-0.888797,0.178687,0.979582,-0.092139,0.87065,-0.201043,-0.448944,
EditCopy,16012,33028,25385,15983,32860,25406,16284,32748,26385,99
EndFrame,,,,,,,,,,
SetLocation,-956.389906,1087.72226,6347.015442,,,,,,,
SetRotation,-0.458302,0,-0.888797,0.178687,0.979582,-0.092139,0.87065,-0.201043,-0.448944,
EditCopy,16048,33087,25381,15983,32860,25406,16284,32748,26385,100
EndFrame,,,,,,,,,,
SetLocation,-956.389906,1087.72226,6347.015442,,,,,,,
SetRotation,-0.458302,0,-0.888797,0.178687,0.979582,-0.092139,0.87065,-0.201043,-0.448944,
EditCopy,16054,33179,25370,15983,32860,25406,16284,32748,26385,101
EndFrame,,,,,,,,,,
SetLocation,-956.389906,1087.72226,6347.015442,,,,,,,
SetRotation,-0.458302,0,-0.888797,0.178687,0.979582,-0.092139,0.87065,-0.201043,-0.448944,
EditCopy,16041,33295,25356,15983,32860,25406,16284,32748,26385,102
EndFrame,,,,,,,,,,
SetLocation,-956.389906,1087.72226,6347.015442,,,,,,,
SetRotation,-0.458302,0,-0.888797,0.178687,0.979582,-0.092139,0.87065,-0.201043,-0.448944,
EditCopy,16028,33412,25340,15983,32860,25406,16284,32748,26385,103
EndFrame,,,,,,,,,,
SetLocation,-956.389906,1087.72226,6347.015442,,,,,,,
SetRotation,-0.458302,0,-0.888797,0.178687,0.979582,-0.092139,0.87065,-0.201043,-0.448944,
EditCopy,16029,33547,25340,15983,32860,25406,16284,32748,26385,104
EndFrame,,,,,,,,,,
SetLocation,-956.389906,1087.72226,6347.015442,,,,,,,
SetRotation,-0.458302,0,-0.888797,0.178687,0.979582,-0.092139,0.87065,-0.201043,-0.448944,
EditCopy,16035,33647,25342,15983,32860,25406,16284,32748,26385,105
EndFrame,,,,,,,,,,
SetLocation,-956.389906,1087.72226,6347.015442,,,,,,,
SetRotation,-0.458302,0,-0.888797,0.178687,0.979582,-0.092139,0.87065,-0.201043,-0.448944,
EditCopy,16043,33757,25344,15983,32860,25406,16284,32748,26385,106
EndFrame,,,,,,,,,,
SetLocation,-956.389906,1087.72226,6347.015442,,,,,,,
SetRotation,-0.458302,0,-0.888797,0.178687,0.979582,-0.092139,0.87065,-0.201043,-0.448944,
EditCopy,16049,33863,25345,15983,32860,25406,16284,32748,26385,107
EndFrame,,,,,,,,,,
SetLocation,-956.389906,1087.72226,6347.015442,,,,,,,
SetRotation,-0.458302,0,-0.888797,0.178687,0.979582,-0.092139,0.87065,-0.201043,-0.448944,
EditCopy,16073,33983,25344,15983,32860,25406,16284,32748,26385,108
EndFrame,,,,,,,,,,
SetLocation,-956.389906,1087.72226,6347.015442,,,,,,,
SetRotation,-0.458302,0,-0.888797,0.178687,0.979582,-0.092139,0.87065,-0.201043,-0.448944,
EditCopy,16086,34076,25342,15983,32860,25406,16284,32748,26385,109
EndFrame,,,,,,,,,,
SetLocation,-956.389906,1087.72226,6347.015442,,,,,,,
SetRotation,-0.458302,0,-0.888797,0.178687,0.979582,-0.092139,0.87065,-0.201043,-0.448944,
EditCopy,16098,34163,25338,15983,32860,25406,16284,32748,26385,110
EndFrame,,,,,,,,,,
SetLocation,-956.389906,1087.72226,6347.015442,,,,,,,
SetRotation,-0.458302,0,-0.888797,0.178687,0.979582,-0.092139,0.87065,-0.201043,-0.448944,
EditCopy,16095,34252,25339,15983,32860,25406,16284,32748,26385,111
EndFrame,,,,,,,,,,
SetLocation,-956.389906,1087.72226,6347.015442,,,,,,,
SetRotation,-0.458302,0,-0.888797,0.178687,0.979582,-0.092139,0.87065,-0.201043,-0.448944,
EditCopy,16095,34366,25339,15983,32860,25406,16284,32748,26385,112
EndFrame,,,,,,,,,,
SetLocation,-956.389906,1087.72226,6347.015442,,,,,,,
SetRotation,-0.458302,0,-0.888797,0.178687,0.979582,-0.092139,0.87065,-0.201043,-0.448944,
EditCopy,16100,34452,25337,15983,32860,25406,16284,32748,26385,113
EndFrame,,,,,,,,,,
SetLocation,-956.389906,1087.72226,6347.015442,,,,,,,
SetRotation,-0.458302,0,-0.888797,0.178687,0.979582,-0.092139,0.87065,-0.201043,-0.448944,
EditCopy,16039,34540,25343,15983,32860,25406,16284,32748,26385,114
EndFrame,,,,,,,,,,
SetLocation,-956.389906,1087.72226,6347.015442,,,,,,,
SetRotation,-0.458302,0,-0.888797,0.178687,0.979582,-0.092139,0.87065,-0.201043,-0.448944,
EditCopy,15996,34590,25327,15983,32860,25406,16284,32748,26385,115
EndFrame,,,,,,,,,,
SetLocation,-956.389906,1087.72226,6347.015442,,,,,,,
SetRotation,-0.458302,0,-0.888797,0.178687,0.979582,-0.092139,0.87065,-0.201043,-0.448944,
EditCopy,15981,34596,25316,15983,32860,25406,16284,32748,26385,116
EndFrame,,,,,,,,,,
SetLocation,-956.389906,1087.72226,6347.015442,,,,,,,
SetRotation,-0.458302,0,-0.888797,0.178687,0.979582,-0.092139,0.87065,-0.201043,-0.448944,
EditCopy,15963,34552,25300,15983,32860,25406,16284,32748,26385,117
EndFrame,,,,,,,,,,
SetLocation,-956.389906,1087.72226,6347.015442,,,,,,,
SetRotation,-0.458302,0,-0.888797,0.178687,0.979582,-0.092139,0.87065,-0.201043,-0.448944,
EditCopy,15949,34462,25279,15983,32860,25406,16284,32748,26385,118
EndFrame,,,,,,,,,,
SetLocation,-956.389906,1087.72226,6347.015442,,,,,,,
SetRotation,-0.458302,0,-0.888797,0.178687,0.979582,-0.092139,0.87065,-0.201043,-0.448944,
EditCopy,15944,34390,25267,15983,32860,25406,16284,32748,26385,119
EndFrame,,,,,,,,,,
SetLocation,-956.389906,1087.72226,6347.015442,,,,,,,
SetRotation,-0.458302,0,-0.888797,0.178687,0.979582,-0.092139,0.87065,-0.201043,-0.448944,
EditCopy,15945,34316,25271,15983,32860,25406,16284,32748,26385,120
EndFrame,,,,,,,,,,
SetLocation,-956.389906,1087.72226,6347.015442,,,,,,,
SetRotation,-0.458302,0,-0.888797,0.178687,0.979582,-0.092139,0.87065,-0.201043,-0.448944,
EditCopy,15943,34219,25264,15983,32860,25406,16284,32748,26385,121
EndFrame,,,,,,,,,,
SetLocation,-956.389906,1087.72226,6347.015442,,,,,,,
SetRotation,-0.458302,0,-0.888797,0.178687,0.979582,-0.092139,0.87065,-0.201043,-0.448944,
EditCopy,15941,34124,25257,15983,32860,25406,16284,32748,26385,122
EndFrame,,,,,,,,,,
SetLocation,-956.389906,1087.72226,6347.015442,,,,,,,
SetRotation,-0.458302,0,-0.888797,0.178687,0.979582,-0.092139,0.87065,-0.201043,-0.448944,
EditCopy,15939,34015,25250,15983,32860,25406,16284,32748,26385,123
EndFrame,,,,,,,,,,
SetLocation,-956.389906,1087.72226,6347.015442,,,,,,,
SetRotation,-0.458302,0,-0.888797,0.178687,0.979582,-0.092139,0.87065,-0.201043,-0.448944,
EditCopy,15936,33877,25240,15983,32860,25406,16284,32748,26385,124
EndFrame,,,,,,,,,,
SetLocation,-956.389906,1087.72226,6347.015442,,,,,,,
SetRotation,-0.458302,0,-0.888797,0.178687,0.979582,-0.092139,0.87065,-0.201043,-0.448944,
EditCopy,15935,33717,25223,15983,32860,25406,16284,32748,26385,125
EndFrame,,,,,,,,,,
SetLocation,-956.389906,1087.72226,6347.015442,,,,,,,
SetRotation,-0.458302,0,-0.888797,0.178687,0.979582,-0.092139,0.87065,-0.201043,-0.448944,
EditCopy,15935,33546,25215,15983,32860,25406,16284,32748,26385,126
EndFrame,,,,,,,,,,
SetLocation,-956.389906,1087.72226,6347.015442,,,,,,,
SetRotation,-0.458302,0,-0.888797,0.178687,0.979582,-0.092139,0.87065,-0.201043,-0.448944,
EditCopy,15935,33405,25203,15983,32860,25406,16284,32748,26385,127
EndFrame,,,,,,,,,,
SetLocation,-956.389906,1087.72226,6347.015442,,,,,,,
SetRotation,-0.458302,0,-0.888797,0.178687,0.979582,-0.092139,0.87065,-0.201043,-0.448944,
EditCopy,15923,33290,25234,15983,32860,25406,16284,32748,26385,128
EndFrame,,,,,,,,,,
SetLocation,-956.389906,1087.72226,6347.015442,,,,,,,
SetRotation,-0.458302,0,-0.888797,0.178687,0.979582,-0.092139,0.87065,-0.201043,-0.448944,
EditCopy,15915,33130,25277,15983,32860,25406,16284,32748,26385,129
EndFrame,,,,,,,,,,
SetLocation,-956.389906,1087.72226,6347.015442,,,,,,,
SetRotation,-0.458302,0,-0.888797,0.178687,0.979582,-0.092139,0.87065,-0.201043,-0.448944,
EditCopy,15918,33020,25319,15983,32860,25406,16284,32748,26385,130
EndFrame,,,,,,,,,,
SetLocation,-956.389906,1087.72226,6347.015442,,,,,,,
SetRotation,-0.458302,0,-0.888797,0.178687,0.979582,-0.092139,0.87065,-0.201043,-0.448944,
EditCopy,15930,33043,25329,15983,32860,25406,16284,32748,26385,131
EndFrame,,,,,,,,,,
SetLocation,-956.389906,1087.72226,6347.015442,,,,,,,
SetRotation,-0.458302,0,-0.888797,0.178687,0.979582,-0.092139,0.87065,-0.201043,-0.448944,
EditCopy,15947,33136,25325,15983,32860,25406,16284,32748,26385,132
EndFrame,,,,,,,,,,
SetLocation,-956.389906,1087.72226,6347.015442,,,,,,,
SetRotation,-0.458302,0,-0.888797,0.178687,0.979582,-0.092139,0.87065,-0.201043,-0.448944,
EditCopy,15953,33281,25310,15983,32860,25406,16284,32748,26385,133
EndFrame,,,,,,,,,,
SetLocation,-956.389906,1087.72226,6347.015442,,,,,,,
SetRotation,-0.458302,0,-0.888797,0.178687,0.979582,-0.092139,0.87065,-0.201043,-0.448944,
EditCopy,15959,33405,25295,15983,32860,25406,16284,32748,26385,134
EndFrame,,,,,,,,,,
SetLocation,-956.389906,1087.72226,6347.015442,,,,,,,
SetRotation,-0.458302,0,-0.888797,0.178687,0.979582,-0.092139,0.87065,-0.201043,-0.448944,
EditCopy,15956,33517,25290,15983,32860,25406,16284,32748,26385,135
EndFrame,,,,,,,,,,
SetLocation,-956.389906,1087.72226,6347.015442,,,,,,,
SetRotation,-0.458302,0,-0.888797,0.178687,0.979582,-0.092139,0.87065,-0.201043,-0.448944,
EditCopy,15960,33633,25296,15983,32860,25406,16284,32748,26385,136
EndFrame,,,,,,,,,,
SetLocation,-956.389906,1087.72226,6347.015442,,,,,,,
SetRotation,-0.458302,0,-0.888797,0.178687,0.979582,-0.092139,0.87065,-0.201043,-0.448944,
EditCopy,15965,33784,25302,15983,32860,25406,16284,32748,26385,137
EndFrame,,,,,,,,,,
SetLocation,-956.389906,1087.72226,6347.015442,,,,,,,
SetRotation,-0.458302,0,-0.888797,0.178687,0.979582,-0.092139,0.87065,-0.201043,-0.448944,
EditCopy,15973,33941,25309,15983,32860,25406,16284,32748,26385,138
EndFrame,,,,,,,,,,
SetLocation,-956.389906,1087.72226,6347.015442,,,,,,,
SetRotation,-0.458302,0,-0.888797,0.178687,0.979582,-0.092139,0.87065,-0.201043,-0.448944,
EditCopy,15980,34119,25315,15983,32860,25406,16284,32748,26385,139
EndFrame,,,,,,,,,,
SetLocation,-956.389906,1087.72226,6347.015442,,,,,,,
SetRotation,-0.458302,0,-0.888797,0.178687,0.979582,-0.092139,0.87065,-0.201043,-0.448944,
EditCopy,15986,34296,25321,15983,32860,25406,16284,32748,26385,140
EndFrame,,,,,,,,,,
SetLocation,-956.389906,1087.72226,6347.015442,,,,,,,
SetRotation,-0.458302,0,-0.888797,0.178687,0.979582,-0.092139,0.87065,-0.201043,-0.448944,
EditCopy,15975,34421,25311,15983,32860,25406,16284,32748,26385,141
EndFrame,,,,,,,,,,
SetLocation,-956.389906,1087.72226,6347.015442,,,,,,,
SetRotation,-0.458302,0,-0.888797,0.178687,0.979582,-0.092139,0.87065,-0.201043,-0.448944,
EditCopy,15959,34535,25294,15983,32860,25406,16284,32748,26385,142
EndFrame,,,,,,,,,,
SetLocation,-956.389906,1087.72226,6347.015442,,,,,,,
SetRotation,-0.458302,0,-0.888797,0.178687,0.979582,-0.092139,0.87065,-0.201043,-0.448944,
EditCopy,15925,34641,25264,15983,32860,25406,16284,32748,26385,143
EndFrame,,,,,,,,,,
SetLocation,-956.389906,1087.72226,6347.015442,,,,,,,
SetRotation,-0.458302,0,-0.888797,0.178687,0.979582,-0.092139,0.87065,-0.201043,-0.448944,
EditCopy,15903,34761,25237,15983,32860,25406,16284,32748,26385,144
EndFrame,,,,,,,,,,
SetLocation,-956.389906,1087.72226,6347.015442,,,,,,,
SetRotation,-0.458302,0,-0.888797,0.178687,0.979582,-0.092139,0.87065,-0.201043,-0.448944,
EditCopy,15855,34882,25250,15983,32860,25406,16284,32748,26385,145
EndFrame,,,,,,,,,,
SetLocation,-956.389906,1087.72226,6347.015442,,,,,,,
SetRotation,-0.458302,0,-0.888797,0.178687,0.979582,-0.092139,0.87065,-0.201043,-0.448944,
EditCopy,15917,34977,25211,15983,32860,25406,16284,32748,26385,146
EndFrame,,,,,,,,,,
SetLocation,-956.389906,1087.72226,6347.015442,,,,,,,
SetRotation,-0.458302,0,-0.888797,0.178687,0.979582,-0.092139,0.87065,-0.201043,-0.448944,
EditCopy,15959,35077,25229,15983,32860,25406,16284,32748,26385,147
EndFrame,,,,,,,,,,
SetLocation,-956.389906,1087.72226,6347.015442,,,,,,,
SetRotation,-0.458302,0,-0.888797,0.178687,0.979582,-0.092139,0.87065,-0.201043,-0.448944,
EditCopy,15975,35128,25236,15983,32860,25406,16284,32748,26385,148
EndFrame,,,,,,,,,,
SetLocation,-956.389906,1087.72226,6347.015442,,,,,,,
SetRotation,-0.458302,0,-0.888797,0.178687,0.979582,-0.092139,0.87065,-0.201043,-0.448944,
EditCopy,15948,35038,25254,15983,32860,25406,16284,32748,26385,149
EndFrame,,,,,,,,,,
SetLocation,-956.389906,1087.72226,6347.015442,,,,,,,
SetRotation,-0.458302,0,-0.888797,0.178687,0.979582,-0.092139,0.87065,-0.201043,-0.448944,
EditCopy,15891,34892,25323,15983,32860,25406,16284,32748,26385,150
EndFrame,,,,,,,,,,
SetLocation,-956.389906,1087.72226,6347.015442,,,,,,,
SetRotation,-0.458302,0,-0.888797,0.178687,0.979582,-0.092139,0.87065,-0.201043,-0.448944,
EditCopy,15910,34750,25252,15983,32860,25406,16284,32748,26385,151
EndFrame,,,,,,,,,,
SetLocation,-956.389906,1087.72226,6347.015442,,,,,,,
SetRotation,-0.458302,0,-0.888797,0.178687,0.979582,-0.092139,0.87065,-0.201043,-0.448944,
EditCopy,15939,34547,25189,15983,32860,25406,16284,32748,26385,152
EndFrame,,,,,,,,,,
SetLocation,-956.389906,1087.72226,6347.015442,,,,,,,
SetRotation,-0.458302,0,-0.888797,0.178687,0.979582,-0.092139,0.87065,-0.201043,-0.448944,
EditCopy,15935,34351,25214,15983,32860,25406,16284,32748,26385,153
EndFrame,,,,,,,,,,
SetLocation,-956.389906,1087.72226,6347.015442,,,,,,,
SetRotation,-0.458302,0,-0.888797,0.178687,0.979582,-0.092139,0.87065,-0.201043,-0.448944,
EditCopy,15942,34127,25172,15983,32860,25406,16284,32748,26385,154
EndFrame,,,,,,,,,,
SetLocation,-956.389906,1087.72226,6347.015442,,,,,,,
SetRotation,-0.458302,0,-0.888797,0.178687,0.979582,-0.092139,0.87065,-0.201043,-0.448944,
EditCopy,22884,31031,17525,15983,32860,25406,16284,32748,26385,155
EndFrame,,,,,,,,,,
SetLocation,-956.389906,1087.72226,6347.015442,,,,,,,
SetRotation,-0.458302,0,-0.888797,0.178687,0.979582,-0.092139,0.87065,-0.201043,-0.448944,
EditCopy,18426,32541,22448,15983,32860,25406,16284,32748,26385,156
EndFrame,,,,,,,,,,
SetLocation,-956.389906,1087.72226,6347.015442,,,,,,,
SetRotation,-0.458302,0,-0.888797,0.178687,0.979582,-0.092139,0.87065,-0.201043,-0.448944,
EditCopy,15936,33664,25229,15983,32860,25406,16284,32748,26385,157
EndFrame,,,,,,,,,,
SetLocation,-956.389906,1087.72226,6347.015442,,,,,,,
SetRotation,-0.458302,0,-0.888797,0.178687,0.979582,-0.092139,0.87065,-0.201043,-0.448944,
EditCopy,15978,33464,25314,15983,32860,25406,16284,32748,26385,158
EndFrame,,,,,,,,,,
SetLocation,-956.389906,1087.72226,6347.015442,,,,,,,
SetRotation,-0.458302,0,-0.888797,0.178687,0.979582,-0.092139,0.87065,-0.201043,-0.448944,
EditCopy,15976,33327,25324,15983,32860,25406,16284,32748,26385,159
EndFrame,,,,,,,,,,
SetLocation,-956.389906,1087.72226,6347.015442,,,,,,,
SetRotation,-0.458302,0,-0.888797,0.178687,0.979582,-0.092139,0.87065,-0.201043,-0.448944,
EditCopy,15972,33195,25340,15983,32860,25406,16284,32748,26385,160
EndFrame,,,,,,,,,,
SetLocation,-956.389906,1087.72226,6347.015442,,,,,,,
SetRotation,-0.458302,0,-0.888797,0.178687,0.979582,-0.092139,0.87065,-0.201043,-0.448944,
EditCopy,15974,33431,25310,15983,32860,25406,16284,32748,26385,161
EndFrame,,,,,,,,,,
SetLocation,-956.389906,1087.72226,6347.015442,,,,,,,
SetRotation,-0.458302,0,-0.888797,0.178687,0.979582,-0.092139,0.87065,-0.201043,-0.448944,
EditCopy,15972,33733,25308,15983,32860,25406,16284,32748,26385,162
EndFrame,,,,,,,,,,
SetLocation,-956.389906,1087.72226,6347.015442,,,,,,,
SetRotation,-0.458302,0,-0.888797,0.178687,0.979582,-0.092139,0.87065,-0.201043,-0.448944,
EditCopy,15963,33961,25300,15983,32860,25406,16284,32748,26385,163
EndFrame,,,,,,,,,,
SetLocation,-956.389906,1087.72226,6347.015442,,,,,,,
SetRotation,-0.458302,0,-0.888797,0.178687,0.979582,-0.092139,0.87065,-0.201043,-0.448944,
EditCopy,15957,34257,25291,15983,32860,25406,16284,32748,26385,164
EndFrame,,,,,,,,,,
SetLocation,-956.389906,1087.72226,6347.015442,,,,,,,
SetRotation,-0.458302,0,-0.888797,0.178687,0.979582,-0.092139,0.87065,-0.201043,-0.448944,
EditCopy,15975,34509,25311,15983,32860,25406,16284,32748,26385,165
EndFrame,,,,,,,,,,
SetLocation,-956.389906,1087.72226,6347.015442,,,,,,,
SetRotation,-0.458302,0,-0.888797,0.178687,0.979582,-0.092139,0.87065,-0.201043,-0.448944,
EditCopy,15990,34720,25355,15983,32860,25406,16284,32748,26385,166
EndFrame,,,,,,,,,,
SetLocation,-956.389906,1087.72226,6347.015442,,,,,,,
SetRotation,-0.458302,0,-0.888797,0.178687,0.979582,-0.092139,0.87065,-0.201043,-0.448944,
EditCopy,15950,34919,25356,15983,32860,25406,16284,32748,26385,167
EndFrame,,,,,,,,,,
SetLocation,-956.389906,1087.72226,6347.015442,,,,,,,
SetRotation,-0.458302,0,-0.888797,0.178687,0.979582,-0.092139,0.87065,-0.201043,-0.448944,
EditCopy,15993,35088,25291,15983,32860,25406,16284,32748,26385,168
EndFrame,,,,,,,,,,
SetLocation,-956.389906,1087.72226,6347.015442,,,,,,,
SetRotation,-0.458302,0,-0.888797,0.178687,0.979582,-0.092139,0.87065,-0.201043,-0.448944,
EditCopy,16010,35209,25262,15983,32860,25406,16284,32748,26385,169
EndFrame,,,,,,,,,,
SetLocation,-956.389906,1087.72226,6347.015442,,,,,,,
SetRotation,-0.458302,0,-0.888797,0.178687,0.979582,-0.092139,0.87065,-0.201043,-0.448944,
EditCopy,16018,35263,25252,15983,32860,25406,16284,32748,26385,170
EndFrame,,,,,,,,,,
SetLocation,-956.389906,1087.72226,6347.015442,,,,,,,
SetRotation,-0.458302,0,-0.888797,0.178687,0.979582,-0.092139,0.87065,-0.201043,-0.448944,
EditCopy,15988,35069,25295,15983,32860,25406,16284,32748,26385,171
EndFrame,,,,,,,,,,
SetLocation,-956.389906,1087.72226,6347.015442,,,,,,,
SetRotation,-0.458302,0,-0.888797,0.178687,0.979582,-0.092139,0.87065,-0.201043,-0.448944,
EditCopy,15913,34848,25368,15983,32860,25406,16284,32748,26385,172
EndFrame,,,,,,,,,,
SetLocation,-956.389906,1087.72226,6347.015442,,,,,,,
SetRotation,-0.458302,0,-0.888797,0.178687,0.979582,-0.092139,0.87065,-0.201043,-0.448944,
EditCopy,15960,34641,25310,15983,32860,25406,16284,32748,26385,173
