SetLocation,17.539116,11.314680,9.973983
SetRotation,-0.844241,0.000000,0.535963,-0.029844,0.998448,-0.047010,-0.535132,-0.055683,-0.842932
SetToolParameters,27019,36581,37129,27020,36581,37129,35335,31178,31556,36225,37094,31654,842.000000,4
EndFrame
SetLocation,17.539116,11.314680,9.973983
SetRotation,-0.844241,0.000000,0.535963,-0.029844,0.998448,-0.047010,-0.535132,-0.055683,-0.842932
SetToolParameters,27019,36581,37129,27020,36581,37129,35335,31178,31556,36225,37094,31654,842.000000,4
EndFrame
SetLocation,17.539116,11.314680,9.973983
SetRotation,-0.844241,0.000000,0.535963,-0.029844,0.998448,-0.047010,-0.535132,-0.055683,-0.842932
SetToolParameters,31006,36627,38485,31006,36627,38486,35335,31178,31556,36225,37094,31654,842.000000,4
EndFrame
SetLocation,17.539116,11.314680,9.973983
SetRotation,-0.844241,0.000000,0.535963,-0.029844,0.998448,-0.047010,-0.535132,-0.055683,-0.842932
SetToolParameters,31853,36620,38721,31854,36620,38721,35335,31178,31556,36225,37094,31654,842.000000,4
EndFrame
SetLocation,17.539116,11.314680,9.973983
SetRotation,-0.844241,0.000000,0.535963,-0.029844,0.998448,-0.047010,-0.535132,-0.055683,-0.842932
SetToolParameters,31900,36547,38575,31900,36547,38576,35335,31178,31556,36225,37094,31654,842.000000,4
EndFrame
SetLocation,17.539116,11.314680,9.973983
SetRotation,-0.844241,0.000000,0.535963,-0.029844,0.998448,-0.047010,-0.535132,-0.055683,-0.842932
SetToolParameters,27018,36044,36096,27019,36044,36096,35335,31178,31556,36225,37094,31654,842.000000,4
EndFrame
SetLocation,17.539116,11.314680,9.973983
SetRotation,-0.844241,0.000000,0.535963,-0.029844,0.998448,-0.047010,-0.535132,-0.055683,-0.842932
SetToolParameters,35103,36362,39413,35103,36363,39413,35335,31178,31556,36225,37094,31654,842.000000,4
EndFrame
SetLocation,17.539116,11.314680,9.973983
SetRotation,-0.844241,0.000000,0.535963,-0.029844,0.998448,-0.047010,-0.535132,-0.055683,-0.842932
SetToolParameters,27046,32226,30517,27047,32226,30517,35335,31178,31556,36225,37094,31654,842.000000,4
EndFrame
SetLocation,17.539116,11.314680,9.973983
SetRotation,-0.844241,0.000000,0.535963,-0.029844,0.998448,-0.047010,-0.535132,-0.055683,-0.842932
SetToolParameters,27046,32226,30517,27047,32226,30517,35335,31178,31556,36225,37094,31654,842.000000,4
EndFrame
SetLocation,17.539116,11.314680,9.973983
SetRotation,-0.844241,0.000000,0.535963,-0.029844,0.998448,-0.047010,-0.535132,-0.055683,-0.842932
SetToolParameters,34082,31897,31418,34082,31898,31418,35335,31178,31556,36225,37094,31654,842.000000,4
EndFrame
SetLocation,17.539116,11.314680,9.973983
SetRotation,-0.844241,0.000000,0.535963,-0.029844,0.998448,-0.047010,-0.535132,-0.055683,-0.842932
SetToolParameters,34082,31897,31418,34082,31898,31418,35335,31178,31556,36225,37094,31654,842.000000,4
EndFrame
SetLocation,17.539116,11.314680,9.973983
SetRotation,-0.844241,0.000000,0.535963,-0.029844,0.998448,-0.047010,-0.535132,-0.055683,-0.842932
SetToolParameters,37555,32249,31817,37555,32249,31818,35335,31178,31556,36225,37094,31654,842.000000,4
EndFrame
SetLocation,17.539116,11.314680,9.973983
SetRotation,-0.844241,0.000000,0.535963,-0.029844,0.998448,-0.047010,-0.535132,-0.055683,-0.842932
SetToolParameters,37555,32249,31817,37555,32249,31818,35335,31178,31556,36225,37094,31654,842.000000,4
EndFrame
SetLocation,17.539116,11.314680,9.973983
SetRotation,-0.844241,0.000000,0.535963,-0.029844,0.998448,-0.047010,-0.535132,-0.055683,-0.842932
SetToolParameters,38436,32124,31324,38436,32124,31325,35335,31178,31556,36225,37094,31654,842.000000,4
EndFrame
SetLocation,17.539116,11.314680,9.973983
SetRotation,-0.844241,0.000000,0.535963,-0.029844,0.998448,-0.047010,-0.535132,-0.055683,-0.842932
SetToolParameters,39164,31187,29164,39164,31188,29164,35335,31178,31556,36225,37094,31654,842.000000,4
EndFrame
SetLocation,17.539116,11.314680,9.973983
SetRotation,-0.844241,0.000000,0.535963,-0.029844,0.998448,-0.047010,-0.535132,-0.055683,-0.842932
SetToolParameters,39116,32377,31558,39116,32377,31559,35335,31178,31556,36225,37094,31654,842.000000,4
EndFrame
SetLocation,17.539116,11.314680,9.973983
SetRotation,-0.844241,0.000000,0.535963,-0.029844,0.998448,-0.047010,-0.535132,-0.055683,-0.842932
SetToolParameters,39205,32351,31453,39205,32352,31453,35335,31178,31556,36225,37094,31654,842.000000,4
EndFrame
SetLocation,17.539116,11.314680,9.973983
SetRotation,-0.844241,0.000000,0.535963,-0.029844,0.998448,-0.047010,-0.535132,-0.055683,-0.842932
SetToolParameters,39211,32366,31446,39211,32367,31446,35335,31178,31556,36225,37094,31654,842.000000,4
EndFrame
SetLocation,17.539116,11.314680,9.973983
SetRotation,-0.844241,0.000000,0.535963,-0.029844,0.998448,-0.047010,-0.535132,-0.055683,-0.842932
SetToolParameters,39605,31187,28718,39605,31188,28718,35335,31178,31556,36225,37094,31654,842.000000,4
EndFrame
SetLocation,17.539116,11.314680,9.973983
SetRotation,-0.844241,0.000000,0.535963,-0.029844,0.998448,-0.047010,-0.535132,-0.055683,-0.842932
SetToolParameters,39605,31187,28718,39605,31188,28718,35335,31178,31556,36225,37094,31654,842.000000,4
EndFrame
SetLocation,17.539116,11.314680,9.973983
SetRotation,-0.844241,0.000000,0.535963,-0.029844,0.998448,-0.047010,-0.535132,-0.055683,-0.842932
SetToolParameters,39178,32452,31441,39178,32452,31442,35335,31178,31556,36225,37094,31654,842.000000,4
EndFrame
SetLocation,17.539116,11.314680,9.973983
SetRotation,-0.844241,0.000000,0.535963,-0.029844,0.998448,-0.047010,-0.535132,-0.055683,-0.842932
SetToolParameters,39577,31187,28565,39577,31188,28565,35335,31178,31556,36225,37094,31654,842.000000,4
EndFrame
SetLocation,17.539116,11.314680,9.973983
SetRotation,-0.844241,0.000000,0.535963,-0.029844,0.998448,-0.047010,-0.535132,-0.055683,-0.842932
SetToolParameters,39560,31187,28510,39560,31188,28510,35335,31178,31556,36225,37094,31654,842.000000,4
EndFrame
SetLocation,17.539116,11.314680,9.973983
SetRotation,-0.844241,0.000000,0.535963,-0.029844,0.998448,-0.047010,-0.535132,-0.055683,-0.842932
SetToolParameters,39551,31187,28450,39551,31188,28450,35335,31178,31556,36225,37094,31654,842.000000,4
EndFrame
SetLocation,17.539116,11.314680,9.973983
SetRotation,-0.844241,0.000000,0.535963,-0.029844,0.998448,-0.047010,-0.535132,-0.055683,-0.842932
SetToolParameters,39537,31187,28437,39537,31188,28437,35335,31178,31556,36225,37094,31654,842.000000,4
EndFrame
SetLocation,17.539116,11.314680,9.973983
SetRotation,-0.844241,0.000000,0.535963,-0.029844,0.998448,-0.047010,-0.535132,-0.055683,-0.842932
SetToolParameters,39537,31187,28437,39537,31188,28437,35335,31178,31556,36225,37094,31654,842.000000,4
EndFrame
SetLocation,17.539116,11.314680,9.973983
SetRotation,-0.844241,0.000000,0.535963,-0.029844,0.998448,-0.047010,-0.535132,-0.055683,-0.842932
SetToolParameters,39537,31187,28437,39537,31188,28437,35335,31178,31556,36225,37094,31654,842.000000,4
EndFrame
SetLocation,17.539116,11.314680,9.973983
SetRotation,-0.844241,0.000000,0.535963,-0.029844,0.998448,-0.047010,-0.535132,-0.055683,-0.842932
SetToolParameters,39537,31187,28437,39537,31188,28437,35335,31178,31556,36225,37094,31654,842.000000,4
EndFrame
SetLocation,17.539116,11.314680,9.973983
SetRotation,-0.844241,0.000000,0.535963,-0.029844,0.998448,-0.047010,-0.535132,-0.055683,-0.842932
SetToolParameters,39528,31187,28442,39528,31188,28442,35335,31178,31556,36225,37094,31654,842.000000,4
EndFrame
SetLocation,17.539116,11.314680,9.973983
SetRotation,-0.844241,0.000000,0.535963,-0.029844,0.998448,-0.047010,-0.535132,-0.055683,-0.842932
SetToolParameters,39492,31187,28465,39492,31188,28465,35335,31178,31556,36225,37094,31654,842.000000,4
EndFrame
SetLocation,17.539116,11.314680,9.973983
SetRotation,-0.844241,0.000000,0.535963,-0.029844,0.998448,-0.047010,-0.535132,-0.055683,-0.842932
SetToolParameters,39492,31187,28465,39492,31188,28465,35335,31178,31556,36225,37094,31654,842.000000,4
EndFrame
SetLocation,17.539116,11.314680,9.973983
SetRotation,-0.844241,0.000000,0.535963,-0.029844,0.998448,-0.047010,-0.535132,-0.055683,-0.842932
SetToolParameters,39492,31187,28465,39492,31188,28465,35335,31178,31556,36225,37094,31654,842.000000,4
EndFrame
SetLocation,17.539116,11.314680,9.973983
SetRotation,-0.844241,0.000000,0.535963,-0.029844,0.998448,-0.047010,-0.535132,-0.055683,-0.842932
SetToolParameters,39492,31187,28465,39492,31188,28465,35335,31178,31556,36225,37094,31654,842.000000,4
EndFrame
SetLocation,17.539116,11.314680,9.973983
SetRotation,-0.844241,0.000000,0.535963,-0.029844,0.998448,-0.047010,-0.535132,-0.055683,-0.842932
SetToolParameters,39492,31187,28465,39492,31188,28465,35335,31178,31556,36225,37094,31654,842.000000,4
EndFrame
SetLocation,17.539116,11.314680,9.973983
SetRotation,-0.844241,0.000000,0.535963,-0.029844,0.998448,-0.047010,-0.535132,-0.055683,-0.842932
SetToolParameters,39483,31187,28471,39483,31188,28471,35335,31178,31556,36225,37094,31654,842.000000,4
EndFrame
SetLocation,17.539116,11.314680,9.973983
SetRotation,-0.844241,0.000000,0.535963,-0.029844,0.998448,-0.047010,-0.535132,-0.055683,-0.842932
SetToolParameters,39068,32516,31457,39068,32516,31458,35335,31178,31556,36225,37094,31654,842.000000,4
EndFrame
SetLocation,17.539116,11.314680,9.973983
SetRotation,-0.844241,0.000000,0.535963,-0.029844,0.998448,-0.047010,-0.535132,-0.055683,-0.842932
SetToolParameters,39056,32513,31460,39056,32513,31461,35335,31178,31556,36225,37094,31654,842.000000,4
EndFrame
SetLocation,17.539116,11.314680,9.973983
SetRotation,-0.844241,0.000000,0.535963,-0.029844,0.998448,-0.047010,-0.535132,-0.055683,-0.842932
SetToolParameters,39048,32507,31469,39048,32507,31470,35335,31178,31556,36225,37094,31654,842.000000,4
EditCopy,39048.000000,32507.000000,31469.000000,35335.000000,31178.000000,31556.000000,36225.000000,37094.000000,31654.000000,842.000000,1.000000,0.000000,0.000000,0.000000,1.000000,0.000000,0.000000,0.000000,1.000000,true,100.000000
EndFrame
SetLocation,17.539116,11.314680,9.973983
SetRotation,-0.844241,0.000000,0.535963,-0.029844,0.998448,-0.047010,-0.535132,-0.055683,-0.842932
SetToolParameters,39043,32504,31467,39043,32505,31467,35335,31178,31556,36225,37094,31654,842.000000,4
EditCopy,39043.000000,32504.000000,31467.000000,35335.000000,31178.000000,31556.000000,36225.000000,37094.000000,31654.000000,842.000000,1.000000,0.000000,0.000000,0.000000,1.000000,0.000000,0.000000,0.000000,1.000000,true,100.000000
EndFrame
SetLocation,17.539116,11.314680,9.973983
SetRotation,-0.844241,0.000000,0.535963,-0.029844,0.998448,-0.047010,-0.535132,-0.055683,-0.842932
SetToolParameters,38998,32479,31477,38998,32479,31478,35335,31178,31556,36225,37094,31654,842.000000,4
EditCopy,38998.000000,32479.000000,31477.000000,35335.000000,31178.000000,31556.000000,36225.000000,37094.000000,31654.000000,842.000000,1.000000,0.000000,0.000000,0.000000,1.000000,0.000000,0.000000,0.000000,1.000000,true,100.000000
EndFrame
SetLocation,17.539116,11.314680,9.973983
SetRotation,-0.844241,0.000000,0.535963,-0.029844,0.998448,-0.047010,-0.535132,-0.055683,-0.842932
SetToolParameters,39246,31187,28753,39246,31188,28753,35335,31178,31556,36225,37094,31654,842.000000,4
EditCopy,39246.000000,31187.000000,28753.000000,35335.000000,31178.000000,31556.000000,36225.000000,37094.000000,31654.000000,842.000000,1.000000,0.000000,0.000000,0.000000,1.000000,0.000000,0.000000,0.000000,1.000000,true,100.000000
EndFrame
SetLocation,17.539116,11.314680,9.973983
SetRotation,-0.844241,0.000000,0.535963,-0.029844,0.998448,-0.047010,-0.535132,-0.055683,-0.842932
SetToolParameters,39054,31187,28962,39054,31188,28962,35335,31178,31556,36225,37094,31654,842.000000,4
EditCopy,39054.000000,31187.000000,28962.000000,35335.000000,31178.000000,31556.000000,36225.000000,37094.000000,31654.000000,842.000000,1.000000,0.000000,0.000000,0.000000,1.000000,0.000000,0.000000,0.000000,1.000000,true,100.000000
EndFrame
SetLocation,17.539116,11.314680,9.973983
SetRotation,-0.844241,0.000000,0.535963,-0.029844,0.998448,-0.047010,-0.535132,-0.055683,-0.842932
SetToolParameters,38594,32333,31607,38594,32333,31608,35335,31178,31556,36225,37094,31654,842.000000,4
EditCopy,38594.000000,32333.000000,31607.000000,35335.000000,31178.000000,31556.000000,36225.000000,37094.000000,31654.000000,842.000000,1.000000,0.000000,0.000000,0.000000,1.000000,0.000000,0.000000,0.000000,1.000000,true,100.000000
EndFrame
SetLocation,17.539116,11.314680,9.973983
SetRotation,-0.844241,0.000000,0.535963,-0.029844,0.998448,-0.047010,-0.535132,-0.055683,-0.842932
SetToolParameters,38420,32240,31548,38420,32240,31549,35335,31178,31556,36225,37094,31654,842.000000,4
EditCopy,38420.000000,32240.000000,31548.000000,35335.000000,31178.000000,31556.000000,36225.000000,37094.000000,31654.000000,842.000000,1.000000,0.000000,0.000000,0.000000,1.000000,0.000000,0.000000,0.000000,1.000000,true,100.000000
EndFrame
SetLocation,17.539116,11.314680,9.973983
SetRotation,-0.844241,0.000000,0.535963,-0.029844,0.998448,-0.047010,-0.535132,-0.055683,-0.842932
SetToolParameters,38301,31187,29524,38301,31188,29524,35335,31178,31556,36225,37094,31654,842.000000,4
EditCopy,38301.000000,31187.000000,29524.000000,35335.000000,31178.000000,31556.000000,36225.000000,37094.000000,31654.000000,842.000000,1.000000,0.000000,0.000000,0.000000,1.000000,0.000000,0.000000,0.000000,1.000000,true,100.000000
EndFrame
SetLocation,17.539116,11.314680,9.973983
SetRotation,-0.844241,0.000000,0.535963,-0.029844,0.998448,-0.047010,-0.535132,-0.055683,-0.842932
SetToolParameters,38095,32081,31403,38095,32082,31403,35335,31178,31556,36225,37094,31654,842.000000,4
EditCopy,38095.000000,32081.000000,31403.000000,35335.000000,31178.000000,31556.000000,36225.000000,37094.000000,31654.000000,842.000000,1.000000,0.000000,0.000000,0.000000,1.000000,0.000000,0.000000,0.000000,1.000000,true,100.000000
EndFrame
SetLocation,17.539116,11.314680,9.973983
SetRotation,-0.844241,0.000000,0.535963,-0.029844,0.998448,-0.047010,-0.535132,-0.055683,-0.842932
SetToolParameters,37972,32082,31429,37972,32082,31430,35335,31178,31556,36225,37094,31654,842.000000,4
EditCopy,37972.000000,32082.000000,31429.000000,35335.000000,31178.000000,31556.000000,36225.000000,37094.000000,31654.000000,842.000000,1.000000,0.000000,0.000000,0.000000,1.000000,0.000000,0.000000,0.000000,1.000000,true,100.000000
EndFrame
SetLocation,17.539116,11.314680,9.973983
SetRotation,-0.844241,0.000000,0.535963,-0.029844,0.998448,-0.047010,-0.535132,-0.055683,-0.842932
SetToolParameters,37832,32072,31406,37832,32072,31407,35335,31178,31556,36225,37094,31654,842.000000,4
EditCopy,37832.000000,32072.000000,31406.000000,35335.000000,31178.000000,31556.000000,36225.000000,37094.000000,31654.000000,842.000000,1.000000,0.000000,0.000000,0.000000,1.000000,0.000000,0.000000,0.000000,1.000000,true,100.000000
EndFrame
SetLocation,17.539116,11.314680,9.973983
SetRotation,-0.844241,0.000000,0.535963,-0.029844,0.998448,-0.047010,-0.535132,-0.055683,-0.842932
SetToolParameters,37589,31187,29606,37589,31188,29606,35335,31178,31556,36225,37094,31654,842.000000,4
EditCopy,37589.000000,31187.000000,29606.000000,35335.000000,31178.000000,31556.000000,36225.000000,37094.000000,31654.000000,842.000000,1.000000,0.000000,0.000000,0.000000,1.000000,0.000000,0.000000,0.000000,1.000000,true,100.000000
EndFrame
SetLocation,17.539116,11.314680,9.973983
SetRotation,-0.844241,0.000000,0.535963,-0.029844,0.998448,-0.047010,-0.535132,-0.055683,-0.842932
SetToolParameters,37108,31187,29682,37108,31188,29682,35335,31178,31556,36225,37094,31654,842.000000,4
EditCopy,37108.000000,31187.000000,29682.000000,35335.000000,31178.000000,31556.000000,36225.000000,37094.000000,31654.000000,842.000000,1.000000,0.000000,0.000000,0.000000,1.000000,0.000000,0.000000,0.000000,1.000000,true,100.000000
EndFrame
SetLocation,17.539116,11.314680,9.973983
SetRotation,-0.844241,0.000000,0.535963,-0.029844,0.998448,-0.047010,-0.535132,-0.055683,-0.842932
SetToolParameters,36813,32071,31608,36813,32071,31609,35335,31178,31556,36225,37094,31654,842.000000,4
EditCopy,36813.000000,32071.000000,31608.000000,35335.000000,31178.000000,31556.000000,36225.000000,37094.000000,31654.000000,842.000000,1.000000,0.000000,0.000000,0.000000,1.000000,0.000000,0.000000,0.000000,1.000000,true,100.000000
EndFrame
SetLocation,17.539116,11.314680,9.973983
SetRotation,-0.844241,0.000000,0.535963,-0.029844,0.998448,-0.047010,-0.535132,-0.055683,-0.842932
SetToolParameters,36569,32036,31608,36569,32036,31609,35335,31178,31556,36225,37094,31654,842.000000,4
EditCopy,36569.000000,32036.000000,31608.000000,35335.000000,31178.000000,31556.000000,36225.000000,37094.000000,31654.000000,842.000000,1.000000,0.000000,0.000000,0.000000,1.000000,0.000000,0.000000,0.000000,1.000000,true,100.000000
EndFrame
SetLocation,17.539116,11.314680,9.973983
SetRotation,-0.844241,0.000000,0.535963,-0.029844,0.998448,-0.047010,-0.535132,-0.055683,-0.842932
SetToolParameters,36119,31187,29973,36119,31188,29973,35335,31178,31556,36225,37094,31654,842.000000,4
EditCopy,36119.000000,31187.000000,29973.000000,35335.000000,31178.000000,31556.000000,36225.000000,37094.000000,31654.000000,842.000000,1.000000,0.000000,0.000000,0.000000,1.000000,0.000000,0.000000,0.000000,1.000000,true,100.000000
EndFrame
SetLocation,17.539116,11.314680,9.973983
SetRotation,-0.844241,0.000000,0.535963,-0.029844,0.998448,-0.047010,-0.535132,-0.055683,-0.842932
SetToolParameters,36236,31855,31323,36236,31855,31324,35335,31178,31556,36225,37094,31654,842.000000,4
EditCopy,36236.000000,31855.000000,31323.000000,35335.000000,31178.000000,31556.000000,36225.000000,37094.000000,31654.000000,842.000000,1.000000,0.000000,0.000000,0.000000,1.000000,0.000000,0.000000,0.000000,1.000000,true,100.000000
EndFrame
SetLocation,17.539116,11.314680,9.973983
SetRotation,-0.844241,0.000000,0.535963,-0.029844,0.998448,-0.047010,-0.535132,-0.055683,-0.842932
SetToolParameters,35943,31187,30036,35943,31188,30036,35335,31178,31556,36225,37094,31654,842.000000,4
EditCopy,35943.000000,31187.000000,30036.000000,35335.000000,31178.000000,31556.000000,36225.000000,37094.000000,31654.000000,842.000000,1.000000,0.000000,0.000000,0.000000,1.000000,0.000000,0.000000,0.000000,1.000000,true,100.000000
EndFrame
SetLocation,17.539116,11.314680,9.973983
SetRotation,-0.844241,0.000000,0.535963,-0.029844,0.998448,-0.047010,-0.535132,-0.055683,-0.842932
SetToolParameters,35779,31187,30065,35779,31188,30065,35335,31178,31556,36225,37094,31654,842.000000,4
EditCopy,35779.000000,31187.000000,30065.000000,35335.000000,31178.000000,31556.000000,36225.000000,37094.000000,31654.000000,842.000000,1.000000,0.000000,0.000000,0.000000,1.000000,0.000000,0.000000,0.000000,1.000000,true,100.000000
EndFrame
SetLocation,17.539116,11.314680,9.973983
SetRotation,-0.844241,0.000000,0.535963,-0.029844,0.998448,-0.047010,-0.535132,-0.055683,-0.842932
SetToolParameters,35822,31926,31542,35822,31926,31543,35335,31178,31556,36225,37094,31654,842.000000,4
EditCopy,35822.000000,31926.000000,31542.000000,35335.000000,31178.000000,31556.000000,36225.000000,37094.000000,31654.000000,842.000000,1.000000,0.000000,0.000000,0.000000,1.000000,0.000000,0.000000,0.000000,1.000000,true,100.000000
EndFrame
SetLocation,17.539116,11.314680,9.973983
SetRotation,-0.844241,0.000000,0.535963,-0.029844,0.998448,-0.047010,-0.535132,-0.055683,-0.842932
SetToolParameters,35166,31187,30117,35166,31188,30117,35335,31178,31556,36225,37094,31654,842.000000,4
EditCopy,35166.000000,31187.000000,30117.000000,35335.000000,31178.000000,31556.000000,36225.000000,37094.000000,31654.000000,842.000000,1.000000,0.000000,0.000000,0.000000,1.000000,0.000000,0.000000,0.000000,1.000000,true,100.000000
EndFrame
SetLocation,17.539116,11.314680,9.973983
SetRotation,-0.844241,0.000000,0.535963,-0.029844,0.998448,-0.047010,-0.535132,-0.055683,-0.842932
SetToolParameters,35190,31872,31451,35191,31872,31451,35335,31178,31556,36225,37094,31654,842.000000,4
EditCopy,35190.000000,31872.000000,31451.000000,35335.000000,31178.000000,31556.000000,36225.000000,37094.000000,31654.000000,842.000000,1.000000,0.000000,0.000000,0.000000,1.000000,0.000000,0.000000,0.000000,1.000000,true,100.000000
EndFrame
SetLocation,17.539116,11.314680,9.973983
SetRotation,-0.844241,0.000000,0.535963,-0.029844,0.998448,-0.047010,-0.535132,-0.055683,-0.842932
SetToolParameters,35047,31906,31523,35047,31906,31524,35335,31178,31556,36225,37094,31654,842.000000,4
EditCopy,35047.000000,31906.000000,31523.000000,35335.000000,31178.000000,31556.000000,36225.000000,37094.000000,31654.000000,842.000000,1.000000,0.000000,0.000000,0.000000,1.000000,0.000000,0.000000,0.000000,1.000000,true,100.000000
EndFrame
SetLocation,17.539116,11.314680,9.973983
SetRotation,-0.844241,0.000000,0.535963,-0.029844,0.998448,-0.047010,-0.535132,-0.055683,-0.842932
SetToolParameters,34884,31916,31503,34884,31916,31504,35335,31178,31556,36225,37094,31654,842.000000,4
EditCopy,34884.000000,31916.000000,31503.000000,35335.000000,31178.000000,31556.000000,36225.000000,37094.000000,31654.000000,842.000000,1.000000,0.000000,0.000000,0.000000,1.000000,0.000000,0.000000,0.000000,1.000000,true,100.000000
EndFrame
SetLocation,17.539116,11.314680,9.973983
SetRotation,-0.844241,0.000000,0.535963,-0.029844,0.998448,-0.047010,-0.535132,-0.055683,-0.842932
SetToolParameters,34768,32043,31701,34768,32043,31702,35335,31178,31556,36225,37094,31654,842.000000,4
EditCopy,34768.000000,32043.000000,31701.000000,35335.000000,31178.000000,31556.000000,36225.000000,37094.000000,31654.000000,842.000000,1.000000,0.000000,0.000000,0.000000,1.000000,0.000000,0.000000,0.000000,1.000000,true,100.000000
EndFrame
SetLocation,17.539116,11.314680,9.973983
SetRotation,-0.844241,0.000000,0.535963,-0.029844,0.998448,-0.047010,-0.535132,-0.055683,-0.842932
SetToolParameters,34526,32035,31708,34526,32035,31709,35335,31178,31556,36225,37094,31654,842.000000,4
EditCopy,34526.000000,32035.000000,31708.000000,35335.000000,31178.000000,31556.000000,36225.000000,37094.000000,31654.000000,842.000000,1.000000,0.000000,0.000000,0.000000,1.000000,0.000000,0.000000,0.000000,1.000000,true,100.000000
EndFrame
SetLocation,17.539116,11.314680,9.973983
SetRotation,-0.844241,0.000000,0.535963,-0.029844,0.998448,-0.047010,-0.535132,-0.055683,-0.842932
SetToolParameters,34191,31994,31638,34191,31994,31639,35335,31178,31556,36225,37094,31654,842.000000,4
EditCopy,34191.000000,31994.000000,31638.000000,35335.000000,31178.000000,31556.000000,36225.000000,37094.000000,31654.000000,842.000000,1.000000,0.000000,0.000000,0.000000,1.000000,0.000000,0.000000,0.000000,1.000000,true,100.000000
EndFrame
SetLocation,17.539116,11.314680,9.973983
SetRotation,-0.844241,0.000000,0.535963,-0.029844,0.998448,-0.047010,-0.535132,-0.055683,-0.842932
SetToolParameters,33679,31816,31246,33680,31816,31246,35335,31178,31556,36225,37094,31654,842.000000,4
EditCopy,33679.000000,31816.000000,31246.000000,35335.000000,31178.000000,31556.000000,36225.000000,37094.000000,31654.000000,842.000000,1.000000,0.000000,0.000000,0.000000,1.000000,0.000000,0.000000,0.000000,1.000000,true,100.000000
EndFrame
SetLocation,17.539116,11.314680,9.973983
SetRotation,-0.844241,0.000000,0.535963,-0.029844,0.998448,-0.047010,-0.535132,-0.055683,-0.842932
SetToolParameters,33679,31816,31246,33680,31816,31246,35335,31178,31556,36225,37094,31654,842.000000,4
EditCopy,33679.000000,31816.000000,31246.000000,35335.000000,31178.000000,31556.000000,36225.000000,37094.000000,31654.000000,842.000000,1.000000,0.000000,0.000000,0.000000,1.000000,0.000000,0.000000,0.000000,1.000000,true,100.000000
EndFrame
SetLocation,17.539116,11.314680,9.973983
SetRotation,-0.844241,0.000000,0.535963,-0.029844,0.998448,-0.047010,-0.535132,-0.055683,-0.842932
SetToolParameters,33657,32023,31608,33657,32023,31609,35335,31178,31556,36225,37094,31654,842.000000,4
EditCopy,33657.000000,32023.000000,31608.000000,35335.000000,31178.000000,31556.000000,36225.000000,37094.000000,31654.000000,842.000000,1.000000,0.000000,0.000000,0.000000,1.000000,0.000000,0.000000,0.000000,1.000000,true,100.000000
EndFrame
SetLocation,17.539116,11.314680,9.973983
SetRotation,-0.844241,0.000000,0.535963,-0.029844,0.998448,-0.047010,-0.535132,-0.055683,-0.842932
SetToolParameters,33645,32020,31608,33645,32020,31609,35335,31178,31556,36225,37094,31654,842.000000,4
EditCopy,33645.000000,32020.000000,31608.000000,35335.000000,31178.000000,31556.000000,36225.000000,37094.000000,31654.000000,842.000000,1.000000,0.000000,0.000000,0.000000,1.000000,0.000000,0.000000,0.000000,1.000000,true,100.000000
EndFrame
SetLocation,17.539116,11.314680,9.973983
SetRotation,-0.844241,0.000000,0.535963,-0.029844,0.998448,-0.047010,-0.535132,-0.055683,-0.842932
SetToolParameters,33525,32046,31608,33525,32046,31609,35335,31178,31556,36225,37094,31654,842.000000,4
EditCopy,33525.000000,32046.000000,31608.000000,35335.000000,31178.000000,31556.000000,36225.000000,37094.000000,31654.000000,842.000000,1.000000,0.000000,0.000000,0.000000,1.000000,0.000000,0.000000,0.000000,1.000000,true,100.000000
EndFrame
SetLocation,17.539116,11.314680,9.973983
SetRotation,-0.844241,0.000000,0.535963,-0.029844,0.998448,-0.047010,-0.535132,-0.055683,-0.842932
SetToolParameters,33354,32084,31608,33354,32084,31609,35335,31178,31556,36225,37094,31654,842.000000,4
EditCopy,33354.000000,32084.000000,31608.000000,35335.000000,31178.000000,31556.000000,36225.000000,37094.000000,31654.000000,842.000000,1.000000,0.000000,0.000000,0.000000,1.000000,0.000000,0.000000,0.000000,1.000000,true,100.000000
EndFrame
SetLocation,17.539116,11.314680,9.973983
SetRotation,-0.844241,0.000000,0.535963,-0.029844,0.998448,-0.047010,-0.535132,-0.055683,-0.842932
SetToolParameters,32850,31851,31001,32850,31852,31001,35335,31178,31556,36225,37094,31654,842.000000,4
EditCopy,32850.000000,31851.000000,31001.000000,35335.000000,31178.000000,31556.000000,36225.000000,37094.000000,31654.000000,842.000000,1.000000,0.000000,0.000000,0.000000,1.000000,0.000000,0.000000,0.000000,1.000000,true,100.000000
EndFrame
SetLocation,17.539116,11.314680,9.973983
SetRotation,-0.844241,0.000000,0.535963,-0.029844,0.998448,-0.047010,-0.535132,-0.055683,-0.842932
SetToolParameters,32694,32285,31396,32694,32286,31396,35335,31178,31556,36225,37094,31654,842.000000,4
EditCopy,32694.000000,32285.000000,31396.000000,35335.000000,31178.000000,31556.000000,36225.000000,37094.000000,31654.000000,842.000000,1.000000,0.000000,0.000000,0.000000,1.000000,0.000000,0.000000,0.000000,1.000000,true,100.000000
EndFrame
SetLocation,17.539116,11.314680,9.973983
SetRotation,-0.844241,0.000000,0.535963,-0.029844,0.998448,-0.047010,-0.535132,-0.055683,-0.842932
SetToolParameters,32194,32558,31448,32194,32559,31448,35335,31178,31556,36225,37094,31654,842.000000,4
EditCopy,32194.000000,32558.000000,31448.000000,35335.000000,31178.000000,31556.000000,36225.000000,37094.000000,31654.000000,842.000000,1.000000,0.000000,0.000000,0.000000,1.000000,0.000000,0.000000,0.000000,1.000000,true,100.000000
EndFrame
SetLocation,17.539116,11.314680,9.973983
SetRotation,-0.844241,0.000000,0.535963,-0.029844,0.998448,-0.047010,-0.535132,-0.055683,-0.842932
SetToolParameters,30922,31963,29808,30922,31964,29808,35335,31178,31556,36225,37094,31654,842.000000,4
EditCopy,30922.000000,31963.000000,29808.000000,35335.000000,31178.000000,31556.000000,36225.000000,37094.000000,31654.000000,842.000000,1.000000,0.000000,0.000000,0.000000,1.000000,0.000000,0.000000,0.000000,1.000000,true,100.000000
EndFrame
SetLocation,17.539116,11.314680,9.973983
SetRotation,-0.844241,0.000000,0.535963,-0.029844,0.998448,-0.047010,-0.535132,-0.055683,-0.842932
SetToolParameters,30393,31963,29407,30393,31964,29407,35335,31178,31556,36225,37094,31654,842.000000,4
EditCopy,30393.000000,31963.000000,29407.000000,35335.000000,31178.000000,31556.000000,36225.000000,37094.000000,31654.000000,842.000000,1.000000,0.000000,0.000000,0.000000,1.000000,0.000000,0.000000,0.000000,1.000000,true,100.000000
EndFrame
SetLocation,17.539116,11.314680,9.973983
SetRotation,-0.844241,0.000000,0.535963,-0.029844,0.998448,-0.047010,-0.535132,-0.055683,-0.842932
SetToolParameters,30393,31963,29407,30393,31964,29407,35335,31178,31556,36225,37094,31654,842.000000,4
EditCopy,30393.000000,31963.000000,29407.000000,35335.000000,31178.000000,31556.000000,36225.000000,37094.000000,31654.000000,842.000000,1.000000,0.000000,0.000000,0.000000,1.000000,0.000000,0.000000,0.000000,1.000000,true,100.000000
EndFrame
SetLocation,17.539116,11.314680,9.973983
SetRotation,-0.844241,0.000000,0.535963,-0.029844,0.998448,-0.047010,-0.535132,-0.055683,-0.842932
SetToolParameters,30357,31963,29378,30357,31964,29378,35335,31178,31556,36225,37094,31654,842.000000,4
EditCopy,30357.000000,31963.000000,29378.000000,35335.000000,31178.000000,31556.000000,36225.000000,37094.000000,31654.000000,842.000000,1.000000,0.000000,0.000000,0.000000,1.000000,0.000000,0.000000,0.000000,1.000000,true,100.000000
EndFrame
SetLocation,17.539116,11.314680,9.973983
SetRotation,-0.844241,0.000000,0.535963,-0.029844,0.998448,-0.047010,-0.535132,-0.055683,-0.842932
SetToolParameters,30357,31963,29378,30357,31964,29378,35335,31178,31556,36225,37094,31654,842.000000,4
EditCopy,30357.000000,31963.000000,29378.000000,35335.000000,31178.000000,31556.000000,36225.000000,37094.000000,31654.000000,842.000000,1.000000,0.000000,0.000000,0.000000,1.000000,0.000000,0.000000,0.000000,1.000000,true,100.000000
EndFrame
SetLocation,17.539116,11.314680,9.973983
SetRotation,-0.844241,0.000000,0.535963,-0.029844,0.998448,-0.047010,-0.535132,-0.055683,-0.842932
SetToolParameters,30357,31963,29378,30357,31964,29378,35335,31178,31556,36225,37094,31654,842.000000,4
EditCopy,30357.000000,31963.000000,29378.000000,35335.000000,31178.000000,31556.000000,36225.000000,37094.000000,31654.000000,842.000000,1.000000,0.000000,0.000000,0.000000,1.000000,0.000000,0.000000,0.000000,1.000000,true,100.000000
EndFrame
SetLocation,17.539116,11.314680,9.973983
SetRotation,-0.844241,0.000000,0.535963,-0.029844,0.998448,-0.047010,-0.535132,-0.055683,-0.842932
SetToolParameters,29036,31621,28050,29036,31621,28051,35335,31178,31556,36225,37094,31654,842.000000,4
EditCopy,29036.000000,31621.000000,28050.000000,35335.000000,31178.000000,31556.000000,36225.000000,37094.000000,31654.000000,842.000000,1.000000,0.000000,0.000000,0.000000,1.000000,0.000000,0.000000,0.000000,1.000000,true,100.000000
EndFrame
SetLocation,17.539116,11.314680,9.973983
SetRotation,-0.844241,0.000000,0.535963,-0.029844,0.998448,-0.047010,-0.535132,-0.055683,-0.842932
SetToolParameters,29036,31621,28050,29036,31621,28051,35335,31178,31556,36225,37094,31654,842.000000,4
EditCopy,29036.000000,31621.000000,28050.000000,35335.000000,31178.000000,31556.000000,36225.000000,37094.000000,31654.000000,842.000000,1.000000,0.000000,0.000000,0.000000,1.000000,0.000000,0.000000,0.000000,1.000000,true,100.000000
EndFrame
SetLocation,17.539116,11.314680,9.973983
SetRotation,-0.844241,0.000000,0.535963,-0.029844,0.998448,-0.047010,-0.535132,-0.055683,-0.842932
SetToolParameters,28914,31668,28050,28914,31668,28051,35335,31178,31556,36225,37094,31654,842.000000,4
EditCopy,28914.000000,31668.000000,28050.000000,35335.000000,31178.000000,31556.000000,36225.000000,37094.000000,31654.000000,842.000000,1.000000,0.000000,0.000000,0.000000,1.000000,0.000000,0.000000,0.000000,1.000000,true,100.000000
EndFrame
SetLocation,17.539116,11.314680,9.973983
SetRotation,-0.844241,0.000000,0.535963,-0.029844,0.998448,-0.047010,-0.535132,-0.055683,-0.842932
SetToolParameters,28873,31678,28050,28873,31678,28051,35335,31178,31556,36225,37094,31654,842.000000,4
EditCopy,28873.000000,31678.000000,28050.000000,35335.000000,31178.000000,31556.000000,36225.000000,37094.000000,31654.000000,842.000000,1.000000,0.000000,0.000000,0.000000,1.000000,0.000000,0.000000,0.000000,1.000000,true,100.000000
EndFrame
SetLocation,17.539116,11.314680,9.973983
SetRotation,-0.844241,0.000000,0.535963,-0.029844,0.998448,-0.047010,-0.535132,-0.055683,-0.842932
SetToolParameters,28748,31691,28050,28748,31691,28051,35335,31178,31556,36225,37094,31654,842.000000,4
EditCopy,28748.000000,31691.000000,28050.000000,35335.000000,31178.000000,31556.000000,36225.000000,37094.000000,31654.000000,842.000000,1.000000,0.000000,0.000000,0.000000,1.000000,0.000000,0.000000,0.000000,1.000000,true,100.000000
EndFrame
SetLocation,17.539116,11.314680,9.973983
SetRotation,-0.844241,0.000000,0.535963,-0.029844,0.998448,-0.047010,-0.535132,-0.055683,-0.842932
SetToolParameters,28412,31686,28050,28412,31686,28051,35335,31178,31556,36225,37094,31654,842.000000,4
EditCopy,28412.000000,31686.000000,28050.000000,35335.000000,31178.000000,31556.000000,36225.000000,37094.000000,31654.000000,842.000000,1.000000,0.000000,0.000000,0.000000,1.000000,0.000000,0.000000,0.000000,1.000000,true,100.000000
EndFrame
SetLocation,17.539116,11.314680,9.973983
SetRotation,-0.844241,0.000000,0.535963,-0.029844,0.998448,-0.047010,-0.535132,-0.055683,-0.842932
SetToolParameters,28013,31650,28036,28014,31650,28036,35335,31178,31556,36225,37094,31654,842.000000,4
EditCopy,28013.000000,31650.000000,28036.000000,35335.000000,31178.000000,31556.000000,36225.000000,37094.000000,31654.000000,842.000000,1.000000,0.000000,0.000000,0.000000,1.000000,0.000000,0.000000,0.000000,1.000000,true,100.000000
EndFrame
SetLocation,17.539116,11.314680,9.973983
SetRotation,-0.844241,0.000000,0.535963,-0.029844,0.998448,-0.047010,-0.535132,-0.055683,-0.842932
SetToolParameters,30358,32958,31370,30359,32958,31370,35335,31178,31556,36225,37094,31654,842.000000,4
EditCopy,30358.000000,32958.000000,31370.000000,35335.000000,31178.000000,31556.000000,36225.000000,37094.000000,31654.000000,842.000000,1.000000,0.000000,0.000000,0.000000,1.000000,0.000000,0.000000,0.000000,1.000000,true,100.000000
EndFrame
SetLocation,17.539116,11.314680,9.973983
SetRotation,-0.844241,0.000000,0.535963,-0.029844,0.998448,-0.047010,-0.535132,-0.055683,-0.842932
SetToolParameters,30358,33017,31495,30359,33017,31495,35335,31178,31556,36225,37094,31654,842.000000,4
EditCopy,30358.000000,33017.000000,31495.000000,35335.000000,31178.000000,31556.000000,36225.000000,37094.000000,31654.000000,842.000000,1.000000,0.000000,0.000000,0.000000,1.000000,0.000000,0.000000,0.000000,1.000000,true,100.000000
EndFrame
SetLocation,17.539116,11.314680,9.973983
SetRotation,-0.844241,0.000000,0.535963,-0.029844,0.998448,-0.047010,-0.535132,-0.055683,-0.842932
SetToolParameters,30346,33069,31500,30347,33069,31500,35335,31178,31556,36225,37094,31654,842.000000,4
EditCopy,30346.000000,33069.000000,31500.000000,35335.000000,31178.000000,31556.000000,36225.000000,37094.000000,31654.000000,842.000000,1.000000,0.000000,0.000000,0.000000,1.000000,0.000000,0.000000,0.000000,1.000000,true,100.000000
EndFrame
SetLocation,17.539116,11.314680,9.973983
SetRotation,-0.844241,0.000000,0.535963,-0.029844,0.998448,-0.047010,-0.535132,-0.055683,-0.842932
SetToolParameters,30347,33200,31499,30347,33200,31500,35335,31178,31556,36225,37094,31654,842.000000,4
EditCopy,30347.000000,33200.000000,31499.000000,35335.000000,31178.000000,31556.000000,36225.000000,37094.000000,31654.000000,842.000000,1.000000,0.000000,0.000000,0.000000,1.000000,0.000000,0.000000,0.000000,1.000000,true,100.000000
EndFrame
SetLocation,17.539116,11.314680,9.973983
SetRotation,-0.844241,0.000000,0.535963,-0.029844,0.998448,-0.047010,-0.535132,-0.055683,-0.842932
SetToolParameters,30357,33418,31531,30358,33418,31531,35335,31178,31556,36225,37094,31654,842.000000,4
EditCopy,30357.000000,33418.000000,31531.000000,35335.000000,31178.000000,31556.000000,36225.000000,37094.000000,31654.000000,842.000000,1.000000,0.000000,0.000000,0.000000,1.000000,0.000000,0.000000,0.000000,1.000000,true,100.000000
EndFrame
SetLocation,17.539116,11.314680,9.973983
SetRotation,-0.844241,0.000000,0.535963,-0.029844,0.998448,-0.047010,-0.535132,-0.055683,-0.842932
SetToolParameters,30357,33656,31549,30358,33656,31549,35335,31178,31556,36225,37094,31654,842.000000,4
EditCopy,30357.000000,33656.000000,31549.000000,35335.000000,31178.000000,31556.000000,36225.000000,37094.000000,31654.000000,842.000000,1.000000,0.000000,0.000000,0.000000,1.000000,0.000000,0.000000,0.000000,1.000000,true,100.000000
EndFrame
SetLocation,17.539116,11.314680,9.973983
SetRotation,-0.844241,0.000000,0.535963,-0.029844,0.998448,-0.047010,-0.535132,-0.055683,-0.842932
SetToolParameters,30421,33893,31587,30422,33893,31587,35335,31178,31556,36225,37094,31654,842.000000,4
EditCopy,30421.000000,33893.000000,31587.000000,35335.000000,31178.000000,31556.000000,36225.000000,37094.000000,31654.000000,842.000000,1.000000,0.000000,0.000000,0.000000,1.000000,0.000000,0.000000,0.000000,1.000000,true,100.000000
EndFrame
SetLocation,17.539116,11.314680,9.973983
SetRotation,-0.844241,0.000000,0.535963,-0.029844,0.998448,-0.047010,-0.535132,-0.055683,-0.842932
SetToolParameters,30348,34096,31410,30349,34096,31410,35335,31178,31556,36225,37094,31654,842.000000,4
EditCopy,30348.000000,34096.000000,31410.000000,35335.000000,31178.000000,31556.000000,36225.000000,37094.000000,31654.000000,842.000000,1.000000,0.000000,0.000000,0.000000,1.000000,0.000000,0.000000,0.000000,1.000000,true,100.000000
EndFrame
SetLocation,17.539116,11.314680,9.973983
SetRotation,-0.844241,0.000000,0.535963,-0.029844,0.998448,-0.047010,-0.535132,-0.055683,-0.842932
SetToolParameters,30372,34311,31355,30373,34311,31355,35335,31178,31556,36225,37094,31654,842.000000,4
EditCopy,30372.000000,34311.000000,31355.000000,35335.000000,31178.000000,31556.000000,36225.000000,37094.000000,31654.000000,842.000000,1.000000,0.000000,0.000000,0.000000,1.000000,0.000000,0.000000,0.000000,1.000000,true,100.000000
EndFrame
SetLocation,17.539116,11.314680,9.973983
SetRotation,-0.844241,0.000000,0.535963,-0.029844,0.998448,-0.047010,-0.535132,-0.055683,-0.842932
SetToolParameters,30416,34484,31263,30417,34484,31263,35335,31178,31556,36225,37094,31654,842.000000,4
EditCopy,30416.000000,34484.000000,31263.000000,35335.000000,31178.000000,31556.000000,36225.000000,37094.000000,31654.000000,842.000000,1.000000,0.000000,0.000000,0.000000,1.000000,0.000000,0.000000,0.000000,1.000000,true,100.000000
EndFrame
SetLocation,17.539116,11.314680,9.973983
SetRotation,-0.844241,0.000000,0.535963,-0.029844,0.998448,-0.047010,-0.535132,-0.055683,-0.842932
SetToolParameters,28316,33950,28050,28316,33950,28051,35335,31178,31556,36225,37094,31654,842.000000,4
EditCopy,28316.000000,33950.000000,28050.000000,35335.000000,31178.000000,31556.000000,36225.000000,37094.000000,31654.000000,842.000000,1.000000,0.000000,0.000000,0.000000,1.000000,0.000000,0.000000,0.000000,1.000000,true,100.000000
EndFrame
SetLocation,17.539116,11.314680,9.973983
SetRotation,-0.844241,0.000000,0.535963,-0.029844,0.998448,-0.047010,-0.535132,-0.055683,-0.842932
SetToolParameters,28762,34110,28289,28762,34110,28290,35335,31178,31556,36225,37094,31654,842.000000,4
EditCopy,28762.000000,34110.000000,28289.000000,35335.000000,31178.000000,31556.000000,36225.000000,37094.000000,31654.000000,842.000000,1.000000,0.000000,0.000000,0.000000,1.000000,0.000000,0.000000,0.000000,1.000000,true,100.000000
EndFrame
SetLocation,17.539116,11.314680,9.973983
SetRotation,-0.844241,0.000000,0.535963,-0.029844,0.998448,-0.047010,-0.535132,-0.055683,-0.842932
SetToolParameters,28916,34193,28305,28916,34193,28306,35335,31178,31556,36225,37094,31654,842.000000,4
EditCopy,28916.000000,34193.000000,28305.000000,35335.000000,31178.000000,31556.000000,36225.000000,37094.000000,31654.000000,842.000000,1.000000,0.000000,0.000000,0.000000,1.000000,0.000000,0.000000,0.000000,1.000000,true,100.000000
EndFrame
SetLocation,17.539116,11.314680,9.973983
SetRotation,-0.844241,0.000000,0.535963,-0.029844,0.998448,-0.047010,-0.535132,-0.055683,-0.842932
SetToolParameters,29077,34224,28305,29077,34224,28306,35335,31178,31556,36225,37094,31654,842.000000,4
EditCopy,29077.000000,34224.000000,28305.000000,35335.000000,31178.000000,31556.000000,36225.000000,37094.000000,31654.000000,842.000000,1.000000,0.000000,0.000000,0.000000,1.000000,0.000000,0.000000,0.000000,1.000000,true,100.000000
EndFrame
SetLocation,17.539116,11.314680,9.973983
