SetLocation,16.788068,2.292167,9.009440
SetRotation,-0.341985,0.000000,0.939705,-0.052326,0.998448,-0.019043,-0.938247,-0.055683,-0.341455
SetToolParameters,27022,26845,43603,27023,26845,43603,32500,25872,40053,31442,25872,36331,672.000000,4
EndFrame
SetLocation,16.788068,2.292167,9.009440
SetRotation,-0.341985,0.000000,0.939705,-0.052326,0.998448,-0.019043,-0.938247,-0.055683,-0.341455
SetToolParameters,27022,26845,43603,27023,26845,43603,32500,25872,40053,31442,25872,36331,672.000000,4
EndFrame
SetLocation,16.788068,2.292167,9.009440
SetRotation,-0.341985,0.000000,0.939705,-0.052326,0.998448,-0.019043,-0.938247,-0.055683,-0.341455
SetToolParameters,27022,26845,43603,27023,26845,43603,32500,25872,40053,31442,25872,36331,672.000000,4
EndFrame
SetLocation,16.788068,2.292167,9.009440
SetRotation,-0.341985,0.000000,0.939705,-0.052326,0.998448,-0.019043,-0.938247,-0.055683,-0.341455
SetToolParameters,27022,26819,43604,27023,26819,43604,32500,25872,40053,31442,25872,36331,672.000000,4
EndFrame
SetLocation,16.788068,2.292167,9.009440
SetRotation,-0.341985,0.000000,0.939705,-0.052326,0.998448,-0.019043,-0.938247,-0.055683,-0.341455
SetToolParameters,27022,26748,43606,27023,26748,43606,32500,25872,40053,31442,25872,36331,672.000000,4
EndFrame
SetLocation,16.788068,2.292167,9.009440
SetRotation,-0.341985,0.000000,0.939705,-0.052326,0.998448,-0.019043,-0.938247,-0.055683,-0.341455
SetToolParameters,27022,26748,43606,27023,26748,43606,32500,25872,40053,31442,25872,36331,672.000000,4
EndFrame
SetLocation,16.788068,2.292167,9.009440
SetRotation,-0.341985,0.000000,0.939705,-0.052326,0.998448,-0.019043,-0.938247,-0.055683,-0.341455
SetToolParameters,27022,26784,43612,27023,26784,43612,32500,25872,40053,31442,25872,36331,672.000000,4
EndFrame
SetLocation,16.788068,2.292167,9.009440
SetRotation,-0.341985,0.000000,0.939705,-0.052326,0.998448,-0.019043,-0.938247,-0.055683,-0.341455
SetToolParameters,27022,26784,43612,27023,26784,43612,32500,25872,40053,31442,25872,36331,672.000000,4
EndFrame
SetLocation,16.788068,2.292167,9.009440
SetRotation,-0.341985,0.000000,0.939705,-0.052326,0.998448,-0.019043,-0.938247,-0.055683,-0.341455
SetToolParameters,27022,27565,43725,27023,27565,43725,32500,25872,40053,31442,25872,36331,672.000000,4
EndFrame
SetLocation,16.788068,2.292167,9.009440
SetRotation,-0.341985,0.000000,0.939705,-0.052326,0.998448,-0.019043,-0.938247,-0.055683,-0.341455
SetToolParameters,27022,27565,43725,27023,27565,43725,32500,25872,40053,31442,25872,36331,672.000000,4
EndFrame
SetLocation,16.788068,2.292167,9.009440
SetRotation,-0.341985,0.000000,0.939705,-0.052326,0.998448,-0.019043,-0.938247,-0.055683,-0.341455
SetToolParameters,27022,28201,43827,27023,28201,43827,32500,25872,40053,31442,25872,36331,672.000000,4
EndFrame
SetLocation,16.788068,2.292167,9.009440
SetRotation,-0.341985,0.000000,0.939705,-0.052326,0.998448,-0.019043,-0.938247,-0.055683,-0.341455
SetToolParameters,27144,28744,43835,27144,28744,43834,32500,25872,40053,31442,25872,36331,672.000000,4
EndFrame
SetLocation,16.788068,2.292167,9.009440
SetRotation,-0.341985,0.000000,0.939705,-0.052326,0.998448,-0.019043,-0.938247,-0.055683,-0.341455
SetToolParameters,27160,29640,43834,27160,29640,43833,32500,25872,40053,31442,25872,36331,672.000000,4
EndFrame
SetLocation,16.788068,2.292167,9.009440
SetRotation,-0.341985,0.000000,0.939705,-0.052326,0.998448,-0.019043,-0.938247,-0.055683,-0.341455
SetToolParameters,27222,30550,43833,27222,30550,43832,32500,25872,40053,31442,25872,36331,672.000000,4
EndFrame
SetLocation,16.788068,2.292167,9.009440
SetRotation,-0.341985,0.000000,0.939705,-0.052326,0.998448,-0.019043,-0.938247,-0.055683,-0.341455
SetToolParameters,33305,29201,41434,33305,29200,41434,32500,25872,40053,31442,25872,36331,672.000000,4
EndFrame
SetLocation,16.788068,2.292167,9.009440
SetRotation,-0.341985,0.000000,0.939705,-0.052326,0.998448,-0.019043,-0.938247,-0.055683,-0.341455
SetToolParameters,33354,29245,41413,33354,29245,41412,32500,25872,40053,31442,25872,36331,672.000000,4
EndFrame
SetLocation,16.788068,2.292167,9.009440
SetRotation,-0.341985,0.000000,0.939705,-0.052326,0.998448,-0.019043,-0.938247,-0.055683,-0.341455
SetToolParameters,33353,29273,41415,33353,29273,41414,32500,25872,40053,31442,25872,36331,672.000000,4
EndFrame
SetLocation,16.788068,2.292167,9.009440
SetRotation,-0.341985,0.000000,0.939705,-0.052326,0.998448,-0.019043,-0.938247,-0.055683,-0.341455
SetToolParameters,33364,29281,41415,33364,29281,41414,32500,25872,40053,31442,25872,36331,672.000000,4
EndFrame
SetLocation,16.788068,2.292167,9.009440
SetRotation,-0.341985,0.000000,0.939705,-0.052326,0.998448,-0.019043,-0.938247,-0.055683,-0.341455
SetToolParameters,33364,29284,41415,33364,29284,41414,32500,25872,40053,31442,25872,36331,672.000000,4
EndFrame
SetLocation,16.788068,2.292167,9.009440
SetRotation,-0.341985,0.000000,0.939705,-0.052326,0.998448,-0.019043,-0.938247,-0.055683,-0.341455
SetToolParameters,33361,29288,41416,33361,29288,41415,32500,25872,40053,31442,25872,36331,672.000000,4
EndFrame
SetLocation,16.788068,2.292167,9.009440
SetRotation,-0.341985,0.000000,0.939705,-0.052326,0.998448,-0.019043,-0.938247,-0.055683,-0.341455
SetToolParameters,30544,30168,42530,30545,30168,42530,32500,25872,40053,31442,25872,36331,672.000000,4
EndFrame
SetLocation,16.788068,2.292167,9.009440
SetRotation,-0.341985,0.000000,0.939705,-0.052326,0.998448,-0.019043,-0.938247,-0.055683,-0.341455
SetToolParameters,33303,29330,41442,33304,29330,41442,32500,25872,40053,31442,25872,36331,672.000000,4
EndFrame
SetLocation,16.788068,2.292167,9.009440
SetRotation,-0.341985,0.000000,0.939705,-0.052326,0.998448,-0.019043,-0.938247,-0.055683,-0.341455
SetToolParameters,33425,29315,41403,33425,29314,41403,32500,25872,40053,31442,25872,36331,672.000000,4
EndFrame
SetLocation,16.788068,2.292167,9.009440
SetRotation,-0.341985,0.000000,0.939705,-0.052326,0.998448,-0.019043,-0.938247,-0.055683,-0.341455
SetToolParameters,33436,29316,41406,33436,29316,41405,32500,25872,40053,31442,25872,36331,672.000000,4
EndFrame
SetLocation,16.788068,2.292167,9.009440
SetRotation,-0.341985,0.000000,0.939705,-0.052326,0.998448,-0.019043,-0.938247,-0.055683,-0.341455
SetToolParameters,33442,29317,41408,33442,29316,41408,32500,25872,40053,31442,25872,36331,672.000000,4
EndFrame
SetLocation,16.788068,2.292167,9.009440
SetRotation,-0.341985,0.000000,0.939705,-0.052326,0.998448,-0.019043,-0.938247,-0.055683,-0.341455
SetToolParameters,33422,29322,41423,33423,29322,41423,32500,25872,40053,31442,25872,36331,672.000000,4
EndFrame
SetLocation,16.788068,2.292167,9.009440
SetRotation,-0.341985,0.000000,0.939705,-0.052326,0.998448,-0.019043,-0.938247,-0.055683,-0.341455
SetToolParameters,33425,29316,41435,33425,29316,41434,32500,25872,40053,31442,25872,36331,672.000000,4
EndFrame
SetLocation,16.788068,2.292167,9.009440
SetRotation,-0.341985,0.000000,0.939705,-0.052326,0.998448,-0.019043,-0.938247,-0.055683,-0.341455
SetToolParameters,33425,29316,41435,33425,29316,41434,32500,25872,40053,31442,25872,36331,672.000000,4
EndFrame
SetLocation,16.788068,2.292167,9.009440
SetRotation,-0.341985,0.000000,0.939705,-0.052326,0.998448,-0.019043,-0.938247,-0.055683,-0.341455
SetToolParameters,33426,29316,41436,33426,29315,41436,32500,25872,40053,31442,25872,36331,672.000000,4
EndFrame
SetLocation,16.788068,2.292167,9.009440
SetRotation,-0.341985,0.000000,0.939705,-0.052326,0.998448,-0.019043,-0.938247,-0.055683,-0.341455
SetToolParameters,33436,29315,41437,33436,29314,41437,32500,25872,40053,31442,25872,36331,672.000000,4
EndFrame
SetLocation,16.788068,2.292167,9.009440
SetRotation,-0.341985,0.000000,0.939705,-0.052326,0.998448,-0.019043,-0.938247,-0.055683,-0.341455
SetToolParameters,33451,29316,41433,33451,29315,41433,32500,25872,40053,31442,25872,36331,672.000000,4
EndFrame
SetLocation,16.788068,2.292167,9.009440
SetRotation,-0.341985,0.000000,0.939705,-0.052326,0.998448,-0.019043,-0.938247,-0.055683,-0.341455
SetToolParameters,29850,30513,42935,29851,30513,42935,32500,25872,40053,31442,25872,36331,672.000000,4
EndFrame
SetLocation,16.788068,2.292167,9.009440
SetRotation,-0.341985,0.000000,0.939705,-0.052326,0.998448,-0.019043,-0.938247,-0.055683,-0.341455
SetToolParameters,29850,30513,42935,29851,30513,42935,32500,25872,40053,31442,25872,36331,672.000000,4
EndFrame
SetLocation,16.788068,2.292167,9.009440
SetRotation,-0.341985,0.000000,0.939705,-0.052326,0.998448,-0.019043,-0.938247,-0.055683,-0.341455
SetToolParameters,30637,30280,42621,30637,30279,42621,32500,25872,40053,31442,25872,36331,672.000000,4
EndFrame
SetLocation,16.788068,2.292167,9.009440
SetRotation,-0.341985,0.000000,0.939705,-0.052326,0.998448,-0.019043,-0.938247,-0.055683,-0.341455
SetToolParameters,29421,30701,43136,29421,30700,43136,32500,25872,40053,31442,25872,36331,672.000000,4
EndFrame
SetLocation,16.788068,2.292167,9.009440
SetRotation,-0.341985,0.000000,0.939705,-0.052326,0.998448,-0.019043,-0.938247,-0.055683,-0.341455
SetToolParameters,31160,30123,42414,31161,30123,42414,32500,25872,40053,31442,25872,36331,672.000000,4
EndFrame
SetLocation,16.788068,2.292167,9.009440
SetRotation,-0.341985,0.000000,0.939705,-0.052326,0.998448,-0.019043,-0.938247,-0.055683,-0.341455
SetToolParameters,30690,30291,42614,30691,30291,42614,32500,25872,40053,31442,25872,36331,672.000000,4
EndFrame
SetLocation,16.788068,2.292167,9.009440
SetRotation,-0.341985,0.000000,0.939705,-0.052326,0.998448,-0.019043,-0.938247,-0.055683,-0.341455
SetToolParameters,30698,30293,42615,30698,30292,42615,32500,25872,40053,31442,25872,36331,672.000000,4
EndFrame
SetLocation,16.788068,2.292167,9.009440
SetRotation,-0.341985,0.000000,0.939705,-0.052326,0.998448,-0.019043,-0.938247,-0.055683,-0.341455
SetToolParameters,30720,30291,42606,30720,30290,42606,32500,25872,40053,31442,25872,36331,672.000000,4
EndFrame
SetLocation,16.788068,2.292167,9.009440
SetRotation,-0.341985,0.000000,0.939705,-0.052326,0.998448,-0.019043,-0.938247,-0.055683,-0.341455
SetToolParameters,30720,30291,42606,30720,30290,42606,32500,25872,40053,31442,25872,36331,672.000000,4
EndFrame
SetLocation,16.788068,2.292167,9.009440
SetRotation,-0.341985,0.000000,0.939705,-0.052326,0.998448,-0.019043,-0.938247,-0.055683,-0.341455
SetToolParameters,30720,30291,42606,30720,30290,42606,32500,25872,40053,31442,25872,36331,672.000000,4
EndFrame
SetLocation,16.788068,2.292167,9.009440
SetRotation,-0.341985,0.000000,0.939705,-0.052326,0.998448,-0.019043,-0.938247,-0.055683,-0.341455
SetToolParameters,30720,30291,42606,30720,30290,42606,32500,25872,40053,31442,25872,36331,672.000000,4
EndFrame
SetLocation,16.788068,2.292167,9.009440
SetRotation,-0.341985,0.000000,0.939705,-0.052326,0.998448,-0.019043,-0.938247,-0.055683,-0.341455
SetToolParameters,30720,30291,42606,30720,30290,42606,32500,25872,40053,31442,25872,36331,672.000000,4
EndFrame
SetLocation,16.788068,2.292167,9.009440
SetRotation,-0.341985,0.000000,0.939705,-0.052326,0.998448,-0.019043,-0.938247,-0.055683,-0.341455
SetToolParameters,30720,30291,42606,30720,30290,42606,32500,25872,40053,31442,25872,36331,672.000000,4
EndFrame
SetLocation,16.788068,2.292167,9.009440
SetRotation,-0.341985,0.000000,0.939705,-0.052326,0.998448,-0.019043,-0.938247,-0.055683,-0.341455
SetToolParameters,30720,30291,42606,30720,30290,42606,32500,25872,40053,31442,25872,36331,672.000000,4
EndFrame
SetLocation,16.788068,2.292167,9.009440
SetRotation,-0.341985,0.000000,0.939705,-0.052326,0.998448,-0.019043,-0.938247,-0.055683,-0.341455
SetToolParameters,30720,30291,42606,30720,30290,42606,32500,25872,40053,31442,25872,36331,672.000000,4
EndFrame
SetLocation,16.788068,2.292167,9.009440
SetRotation,-0.341985,0.000000,0.939705,-0.052326,0.998448,-0.019043,-0.938247,-0.055683,-0.341455
SetToolParameters,30720,30291,42606,30720,30290,42606,32500,25872,40053,31442,25872,36331,672.000000,4
EndFrame
SetLocation,16.788068,2.292167,9.009440
SetRotation,-0.341985,0.000000,0.939705,-0.052326,0.998448,-0.019043,-0.938247,-0.055683,-0.341455
SetToolParameters,30720,30291,42606,30720,30290,42606,32500,25872,40053,31442,25872,36331,672.000000,4
EndFrame
SetLocation,16.788068,2.292167,9.009440
SetRotation,-0.341985,0.000000,0.939705,-0.052326,0.998448,-0.019043,-0.938247,-0.055683,-0.341455
SetToolParameters,30720,30291,42606,30720,30290,42606,32500,25872,40053,31442,25872,36331,672.000000,4
EndFrame
SetLocation,16.788068,2.292167,9.009440
SetRotation,-0.341985,0.000000,0.939705,-0.052326,0.998448,-0.019043,-0.938247,-0.055683,-0.341455
SetToolParameters,30720,30291,42606,30720,30290,42606,32500,25872,40053,31442,25872,36331,672.000000,4
EndFrame
SetLocation,16.788068,2.292167,9.009440
SetRotation,-0.341985,0.000000,0.939705,-0.052326,0.998448,-0.019043,-0.938247,-0.055683,-0.341455
SetToolParameters,30720,30291,42606,30720,30290,42606,32500,25872,40053,31442,25872,36331,672.000000,4
EndFrame
SetLocation,16.788068,2.292167,9.009440
SetRotation,-0.341985,0.000000,0.939705,-0.052326,0.998448,-0.019043,-0.938247,-0.055683,-0.341455
SetToolParameters,30720,30291,42606,30720,30290,42606,32500,25872,40053,31442,25872,36331,672.000000,4
EndFrame
SetLocation,16.788068,2.292167,9.009440
SetRotation,-0.341985,0.000000,0.939705,-0.052326,0.998448,-0.019043,-0.938247,-0.055683,-0.341455
SetToolParameters,30720,30291,42606,30720,30290,42606,32500,25872,40053,31442,25872,36331,672.000000,4
EndFrame
SetLocation,16.788068,2.292167,9.009440
SetRotation,-0.341985,0.000000,0.939705,-0.052326,0.998448,-0.019043,-0.938247,-0.055683,-0.341455
SetToolParameters,30720,30291,42606,30720,30290,42606,32500,25872,40053,31442,25872,36331,672.000000,4
EndFrame
SetLocation,16.788068,2.292167,9.009440
SetRotation,-0.341985,0.000000,0.939705,-0.052326,0.998448,-0.019043,-0.938247,-0.055683,-0.341455
SetToolParameters,30720,30291,42606,30720,30290,42606,32500,25872,40053,31442,25872,36331,672.000000,4
EndFrame
SetLocation,16.788068,2.292167,9.009440
SetRotation,-0.341985,0.000000,0.939705,-0.052326,0.998448,-0.019043,-0.938247,-0.055683,-0.341455
SetToolParameters,30720,30291,42606,30720,30290,42606,32500,25872,40053,31442,25872,36331,672.000000,4
EndFrame
SetLocation,16.788068,2.292167,9.009440
SetRotation,-0.341985,0.000000,0.939705,-0.052326,0.998448,-0.019043,-0.938247,-0.055683,-0.341455
SetToolParameters,30720,30291,42606,30720,30290,42606,32500,25872,40053,31442,25872,36331,672.000000,4
EndFrame
SetLocation,16.788068,2.292167,9.009440
SetRotation,-0.341985,0.000000,0.939705,-0.052326,0.998448,-0.019043,-0.938247,-0.055683,-0.341455
SetToolParameters,29439,30705,43143,29440,30705,43143,32500,25872,40053,31442,25872,36331,672.000000,4
EndFrame
SetLocation,16.788068,2.292167,9.009440
SetRotation,-0.341985,0.000000,0.939705,-0.052326,0.998448,-0.019043,-0.938247,-0.055683,-0.341455
SetToolParameters,30533,30222,42672,30534,30222,42672,32500,25872,40053,31442,25872,36331,672.000000,4
EndFrame
SetLocation,16.788068,2.292167,9.009440
SetRotation,-0.341985,0.000000,0.939705,-0.052326,0.998448,-0.019043,-0.938247,-0.055683,-0.341455
SetToolParameters,33340,29179,41438,33341,29179,41438,32500,25872,40053,31442,25872,36331,672.000000,4
EndFrame
SetLocation,16.788068,2.292167,9.009440
SetRotation,-0.341985,0.000000,0.939705,-0.052326,0.998448,-0.019043,-0.938247,-0.055683,-0.341455
SetToolParameters,33426,28941,41303,33427,28941,41303,32500,25872,40053,31442,25872,36331,672.000000,4
EndFrame
SetLocation,16.788068,2.292167,9.009440
SetRotation,-0.341985,0.000000,0.939705,-0.052326,0.998448,-0.019043,-0.938247,-0.055683,-0.341455
SetToolParameters,27022,29560,43299,27023,29560,43299,32500,25872,40053,31442,25872,36331,672.000000,4
EndFrame
SetLocation,16.788068,2.292167,9.009440
SetRotation,-0.341985,0.000000,0.939705,-0.052326,0.998448,-0.019043,-0.938247,-0.055683,-0.341455
SetToolParameters,27022,28501,42818,27023,28501,42818,32500,25872,40053,31442,25872,36331,672.000000,4
EndFrame
SetLocation,16.788068,2.292167,9.009440
SetRotation,-0.341985,0.000000,0.939705,-0.052326,0.998448,-0.019043,-0.938247,-0.055683,-0.341455
SetToolParameters,27022,27363,42279,27023,27363,42279,32500,25872,40053,31442,25872,36331,672.000000,4
EndFrame
SetLocation,16.788068,2.292167,9.009440
SetRotation,-0.341985,0.000000,0.939705,-0.052326,0.998448,-0.019043,-0.938247,-0.055683,-0.341455
SetToolParameters,30379,26564,40933,30380,26564,40933,32500,25872,40053,31442,25872,36331,672.000000,4
EndFrame
SetLocation,16.788068,2.292167,9.009440
SetRotation,-0.341985,0.000000,0.939705,-0.052326,0.998448,-0.019043,-0.938247,-0.055683,-0.341455
SetToolParameters,30379,26564,40933,30380,26564,40933,32500,25872,40053,31442,25872,36331,672.000000,4
EndFrame
SetLocation,16.788068,2.292167,9.009440
SetRotation,-0.341985,0.000000,0.939705,-0.052326,0.998448,-0.019043,-0.938247,-0.055683,-0.341455
SetToolParameters,28973,25872,40967,28973,25873,40967,32500,25872,40053,31442,25872,36331,672.000000,4
EndFrame
SetLocation,16.788068,2.292167,9.009440
SetRotation,-0.341985,0.000000,0.939705,-0.052326,0.998448,-0.019043,-0.938247,-0.055683,-0.341455
SetToolParameters,31571,26340,40519,31572,26340,40519,32500,25872,40053,31442,25872,36331,672.000000,4
EndFrame
SetLocation,16.788068,2.292167,9.009440
SetRotation,-0.341985,0.000000,0.939705,-0.052326,0.998448,-0.019043,-0.938247,-0.055683,-0.341455
SetToolParameters,32593,26421,40313,32594,26421,40313,32500,25872,40053,31442,25872,36331,672.000000,4
EndFrame
SetLocation,16.788068,2.292167,9.009440
SetRotation,-0.341985,0.000000,0.939705,-0.052326,0.998448,-0.019043,-0.938247,-0.055683,-0.341455
SetToolParameters,32548,26102,40253,32549,26102,40253,32500,25872,40053,31442,25872,36331,672.000000,4
EndFrame
SetLocation,16.788068,2.292167,9.009440
SetRotation,-0.341985,0.000000,0.939705,-0.052326,0.998448,-0.019043,-0.938247,-0.055683,-0.341455
SetToolParameters,32548,26102,40253,32549,26102,40253,32500,25872,40053,31442,25872,36331,672.000000,4
EndFrame
SetLocation,16.788068,2.292167,9.009440
SetRotation,-0.341985,0.000000,0.939705,-0.052326,0.998448,-0.019043,-0.938247,-0.055683,-0.341455
SetToolParameters,32550,26012,40243,32551,26012,40243,32500,25872,40053,31442,25872,36331,672.000000,4
EndFrame
SetLocation,16.788068,2.292167,9.009440
SetRotation,-0.341985,0.000000,0.939705,-0.052326,0.998448,-0.019043,-0.938247,-0.055683,-0.341455
SetToolParameters,32549,25954,40231,32550,25954,40231,32500,25872,40053,31442,25872,36331,672.000000,4
EndFrame
SetLocation,16.788068,2.292167,9.009440
SetRotation,-0.341985,0.000000,0.939705,-0.052326,0.998448,-0.019043,-0.938247,-0.055683,-0.341455
SetToolParameters,32549,25939,40227,32550,25939,40227,32500,25872,40053,31442,25872,36331,672.000000,4
EndFrame
SetLocation,16.788068,2.292167,9.009440
SetRotation,-0.341985,0.000000,0.939705,-0.052326,0.998448,-0.019043,-0.938247,-0.055683,-0.341455
SetToolParameters,32549,25938,40223,32550,25938,40223,32500,25872,40053,31442,25872,36331,672.000000,4
EndFrame
SetLocation,16.788068,2.292167,9.009440
SetRotation,-0.341985,0.000000,0.939705,-0.052326,0.998448,-0.019043,-0.938247,-0.055683,-0.341455
SetToolParameters,32549,25938,40223,32550,25938,40223,32500,25872,40053,31442,25872,36331,672.000000,4
EndFrame
SetLocation,16.788068,2.292167,9.009440
SetRotation,-0.341985,0.000000,0.939705,-0.052326,0.998448,-0.019043,-0.938247,-0.055683,-0.341455
SetToolParameters,32549,25938,40223,32550,25938,40223,32500,25872,40053,31442,25872,36331,672.000000,4
EndFrame
SetLocation,16.788068,2.292167,9.009440
SetRotation,-0.341985,0.000000,0.939705,-0.052326,0.998448,-0.019043,-0.938247,-0.055683,-0.341455
SetToolParameters,32549,25938,40223,32550,25938,40223,32500,25872,40053,31442,25872,36331,672.000000,4
EndFrame
SetLocation,16.788068,2.292167,9.009440
SetRotation,-0.341985,0.000000,0.939705,-0.052326,0.998448,-0.019043,-0.938247,-0.055683,-0.341455
SetToolParameters,32549,25929,40223,32550,25929,40223,32500,25872,40053,31442,25872,36331,672.000000,4
EndFrame
SetLocation,16.788068,2.292167,9.009440
SetRotation,-0.341985,0.000000,0.939705,-0.052326,0.998448,-0.019043,-0.938247,-0.055683,-0.341455
SetToolParameters,32549,25924,40223,32550,25924,40223,32500,25872,40053,31442,25872,36331,672.000000,4
EndFrame
SetLocation,16.788068,2.292167,9.009440
SetRotation,-0.341985,0.000000,0.939705,-0.052326,0.998448,-0.019043,-0.938247,-0.055683,-0.341455
SetToolParameters,32549,25924,40223,32550,25924,40223,32500,25872,40053,31442,25872,36331,672.000000,4
EndFrame
SetLocation,16.788068,2.292167,9.009440
SetRotation,-0.341985,0.000000,0.939705,-0.052326,0.998448,-0.019043,-0.938247,-0.055683,-0.341455
SetToolParameters,32549,25938,40223,32550,25938,40223,32500,25872,40053,31442,25872,36331,672.000000,4
EndFrame
SetLocation,16.788068,2.292167,9.009440
SetRotation,-0.341985,0.000000,0.939705,-0.052326,0.998448,-0.019043,-0.938247,-0.055683,-0.341455
SetToolParameters,32549,25954,40231,32550,25954,40231,32500,25872,40053,31442,25872,36331,672.000000,4
EndFrame
SetLocation,16.788068,2.292167,9.009440
SetRotation,-0.341985,0.000000,0.939705,-0.052326,0.998448,-0.019043,-0.938247,-0.055683,-0.341455
SetToolParameters,32549,25974,40239,32550,25974,40239,32500,25872,40053,31442,25872,36331,672.000000,4
EndFrame
SetLocation,16.788068,2.292167,9.009440
SetRotation,-0.341985,0.000000,0.939705,-0.052326,0.998448,-0.019043,-0.938247,-0.055683,-0.341455
SetToolParameters,32549,25974,40239,32550,25974,40239,32500,25872,40053,31442,25872,36331,672.000000,4
EndFrame
SetLocation,16.788068,2.292167,9.009440
SetRotation,-0.341985,0.000000,0.939705,-0.052326,0.998448,-0.019043,-0.938247,-0.055683,-0.341455
SetToolParameters,32550,26005,40255,32551,26005,40255,32500,25872,40053,31442,25872,36331,672.000000,4
EndFrame
SetLocation,16.788068,2.292167,9.009440
SetRotation,-0.341985,0.000000,0.939705,-0.052326,0.998448,-0.019043,-0.938247,-0.055683,-0.341455
SetToolParameters,32550,26020,40259,32551,26020,40259,32500,25872,40053,31442,25872,36331,672.000000,4
EndFrame
SetLocation,16.788068,2.292167,9.009440
SetRotation,-0.341985,0.000000,0.939705,-0.052326,0.998448,-0.019043,-0.938247,-0.055683,-0.341455
SetToolParameters,32550,26029,40259,32551,26029,40259,32500,25872,40053,31442,25872,36331,672.000000,4
EditCopy,32550.000000,26029.000000,40259.000000,32500.000000,25872.000000,40053.000000,31442.000000,25872.000000,36331.000000,672.000000,1.000000,0.000000,0.000000,0.000000,1.000000,0.000000,0.000000,0.000000,1.000000,true,100.000000
EndFrame
SetLocation,16.788068,2.292167,9.009440
SetRotation,-0.341985,0.000000,0.939705,-0.052326,0.998448,-0.019043,-0.938247,-0.055683,-0.341455
SetToolParameters,32550,26029,40259,32551,26029,40259,32500,25872,40053,31442,25872,36331,672.000000,4
EditCopy,32550.000000,26029.000000,40259.000000,32500.000000,25872.000000,40053.000000,31442.000000,25872.000000,36331.000000,672.000000,1.000000,0.000000,0.000000,0.000000,1.000000,0.000000,0.000000,0.000000,1.000000,true,100.000000
EndFrame
SetLocation,16.788068,2.292167,9.009440
SetRotation,-0.341985,0.000000,0.939705,-0.052326,0.998448,-0.019043,-0.938247,-0.055683,-0.341455
SetToolParameters,32550,26068,40266,32551,26068,40266,32500,25872,40053,31442,25872,36331,672.000000,4
EditCopy,32550.000000,26068.000000,40266.000000,32500.000000,25872.000000,40053.000000,31442.000000,25872.000000,36331.000000,672.000000,1.000000,0.000000,0.000000,0.000000,1.000000,0.000000,0.000000,0.000000,1.000000,true,100.000000
EndFrame
SetLocation,16.788068,2.292167,9.009440
SetRotation,-0.341985,0.000000,0.939705,-0.052326,0.998448,-0.019043,-0.938247,-0.055683,-0.341455
SetToolParameters,32547,26113,40270,32547,26114,40270,32500,25872,40053,31442,25872,36331,672.000000,4
EditCopy,32547.000000,26113.000000,40270.000000,32500.000000,25872.000000,40053.000000,31442.000000,25872.000000,36331.000000,672.000000,1.000000,0.000000,0.000000,0.000000,1.000000,0.000000,0.000000,0.000000,1.000000,true,100.000000
EndFrame
SetLocation,16.788068,2.292167,9.009440
SetRotation,-0.341985,0.000000,0.939705,-0.052326,0.998448,-0.019043,-0.938247,-0.055683,-0.341455
SetToolParameters,32546,26180,40277,32547,26180,40277,32500,25872,40053,31442,25872,36331,672.000000,4
EditCopy,32546.000000,26180.000000,40277.000000,32500.000000,25872.000000,40053.000000,31442.000000,25872.000000,36331.000000,672.000000,1.000000,0.000000,0.000000,0.000000,1.000000,0.000000,0.000000,0.000000,1.000000,true,100.000000
EndFrame
SetLocation,16.788068,2.292167,9.009440
SetRotation,-0.341985,0.000000,0.939705,-0.052326,0.998448,-0.019043,-0.938247,-0.055683,-0.341455
SetToolParameters,32548,26256,40283,32549,26256,40283,32500,25872,40053,31442,25872,36331,672.000000,4
EditCopy,32548.000000,26256.000000,40283.000000,32500.000000,25872.000000,40053.000000,31442.000000,25872.000000,36331.000000,672.000000,1.000000,0.000000,0.000000,0.000000,1.000000,0.000000,0.000000,0.000000,1.000000,true,100.000000
EndFrame
SetLocation,16.788068,2.292167,9.009440
SetRotation,-0.341985,0.000000,0.939705,-0.052326,0.998448,-0.019043,-0.938247,-0.055683,-0.341455
SetToolParameters,32603,26343,40282,32604,26343,40282,32500,25872,40053,31442,25872,36331,672.000000,4
EditCopy,32603.000000,26343.000000,40282.000000,32500.000000,25872.000000,40053.000000,31442.000000,25872.000000,36331.000000,672.000000,1.000000,0.000000,0.000000,0.000000,1.000000,0.000000,0.000000,0.000000,1.000000,true,100.000000
EndFrame
SetLocation,16.788068,2.292167,9.009440
SetRotation,-0.341985,0.000000,0.939705,-0.052326,0.998448,-0.019043,-0.938247,-0.055683,-0.341455
SetToolParameters,32605,26398,40280,32605,26399,40280,32500,25872,40053,31442,25872,36331,672.000000,4
EditCopy,32605.000000,26398.000000,40280.000000,32500.000000,25872.000000,40053.000000,31442.000000,25872.000000,36331.000000,672.000000,1.000000,0.000000,0.000000,0.000000,1.000000,0.000000,0.000000,0.000000,1.000000,true,100.000000
EndFrame
SetLocation,16.788068,2.292167,9.009440
SetRotation,-0.341985,0.000000,0.939705,-0.052326,0.998448,-0.019043,-0.938247,-0.055683,-0.341455
SetToolParameters,32581,26430,40281,32582,26430,40281,32500,25872,40053,31442,25872,36331,672.000000,4
EditCopy,32581.000000,26430.000000,40281.000000,32500.000000,25872.000000,40053.000000,31442.000000,25872.000000,36331.000000,672.000000,1.000000,0.000000,0.000000,0.000000,1.000000,0.000000,0.000000,0.000000,1.000000,true,100.000000
EndFrame
SetLocation,16.788068,2.292167,9.009440
SetRotation,-0.341985,0.000000,0.939705,-0.052326,0.998448,-0.019043,-0.938247,-0.055683,-0.341455
SetToolParameters,32498,26440,40287,32498,26441,40287,32500,25872,40053,31442,25872,36331,672.000000,4
EditCopy,32498.000000,26440.000000,40287.000000,32500.000000,25872.000000,40053.000000,31442.000000,25872.000000,36331.000000,672.000000,1.000000,0.000000,0.000000,0.000000,1.000000,0.000000,0.000000,0.000000,1.000000,true,100.000000
EndFrame
SetLocation,16.788068,2.292167,9.009440
SetRotation,-0.341985,0.000000,0.939705,-0.052326,0.998448,-0.019043,-0.938247,-0.055683,-0.341455
SetToolParameters,32373,26446,40295,32373,26447,40295,32500,25872,40053,31442,25872,36331,672.000000,4
EditCopy,32373.000000,26446.000000,40295.000000,32500.000000,25872.000000,40053.000000,31442.000000,25872.000000,36331.000000,672.000000,1.000000,0.000000,0.000000,0.000000,1.000000,0.000000,0.000000,0.000000,1.000000,true,100.000000
EndFrame
SetLocation,16.788068,2.292167,9.009440
SetRotation,-0.341985,0.000000,0.939705,-0.052326,0.998448,-0.019043,-0.938247,-0.055683,-0.341455
SetToolParameters,32047,26390,40313,32048,26390,40313,32500,25872,40053,31442,25872,36331,672.000000,4
EditCopy,32047.000000,26390.000000,40313.000000,32500.000000,25872.000000,40053.000000,31442.000000,25872.000000,36331.000000,672.000000,1.000000,0.000000,0.000000,0.000000,1.000000,0.000000,0.000000,0.000000,1.000000,true,100.000000
EndFrame
SetLocation,16.788068,2.292167,9.009440
SetRotation,-0.341985,0.000000,0.939705,-0.052326,0.998448,-0.019043,-0.938247,-0.055683,-0.341455
SetToolParameters,32036,26478,40316,32037,26478,40316,32500,25872,40053,31442,25872,36331,672.000000,4
EditCopy,32036.000000,26478.000000,40316.000000,32500.000000,25872.000000,40053.000000,31442.000000,25872.000000,36331.000000,672.000000,1.000000,0.000000,0.000000,0.000000,1.000000,0.000000,0.000000,0.000000,1.000000,true,100.000000
EndFrame
SetLocation,16.788068,2.292167,9.009440
SetRotation,-0.341985,0.000000,0.939705,-0.052326,0.998448,-0.019043,-0.938247,-0.055683,-0.341455
SetToolParameters,32021,26591,40319,32022,26591,40319,32500,25872,40053,31442,25872,36331,672.000000,4
EditCopy,32021.000000,26591.000000,40319.000000,32500.000000,25872.000000,40053.000000,31442.000000,25872.000000,36331.000000,672.000000,1.000000,0.000000,0.000000,0.000000,1.000000,0.000000,0.000000,0.000000,1.000000,true,100.000000
EndFrame
SetLocation,16.788068,2.292167,9.009440
SetRotation,-0.341985,0.000000,0.939705,-0.052326,0.998448,-0.019043,-0.938247,-0.055683,-0.341455
SetToolParameters,32009,26686,40332,32010,26686,40332,32500,25872,40053,31442,25872,36331,672.000000,4
EditCopy,32009.000000,26686.000000,40332.000000,32500.000000,25872.000000,40053.000000,31442.000000,25872.000000,36331.000000,672.000000,1.000000,0.000000,0.000000,0.000000,1.000000,0.000000,0.000000,0.000000,1.000000,true,100.000000
EndFrame
SetLocation,16.788068,2.292167,9.009440
SetRotation,-0.341985,0.000000,0.939705,-0.052326,0.998448,-0.019043,-0.938247,-0.055683,-0.341455
SetToolParameters,32010,26764,40339,32011,26764,40339,32500,25872,40053,31442,25872,36331,672.000000,4
EditCopy,32010.000000,26764.000000,40339.000000,32500.000000,25872.000000,40053.000000,31442.000000,25872.000000,36331.000000,672.000000,1.000000,0.000000,0.000000,0.000000,1.000000,0.000000,0.000000,0.000000,1.000000,true,100.000000
EndFrame
SetLocation,16.788068,2.292167,9.009440
SetRotation,-0.341985,0.000000,0.939705,-0.052326,0.998448,-0.019043,-0.938247,-0.055683,-0.341455
SetToolParameters,32012,26831,40342,32013,26831,40342,32500,25872,40053,31442,25872,36331,672.000000,4
EditCopy,32012.000000,26831.000000,40342.000000,32500.000000,25872.000000,40053.000000,31442.000000,25872.000000,36331.000000,672.000000,1.000000,0.000000,0.000000,0.000000,1.000000,0.000000,0.000000,0.000000,1.000000,true,100.000000
EndFrame
SetLocation,16.788068,2.292167,9.009440
SetRotation,-0.341985,0.000000,0.939705,-0.052326,0.998448,-0.019043,-0.938247,-0.055683,-0.341455
SetToolParameters,32006,26912,40359,32007,26912,40359,32500,25872,40053,31442,25872,36331,672.000000,4
EditCopy,32006.000000,26912.000000,40359.000000,32500.000000,25872.000000,40053.000000,31442.000000,25872.000000,36331.000000,672.000000,1.000000,0.000000,0.000000,0.000000,1.000000,0.000000,0.000000,0.000000,1.000000,true,100.000000
EndFrame
SetLocation,16.788068,2.292167,9.009440
SetRotation,-0.341985,0.000000,0.939705,-0.052326,0.998448,-0.019043,-0.938247,-0.055683,-0.341455
SetToolParameters,31996,27002,40371,31997,27002,40371,32500,25872,40053,31442,25872,36331,672.000000,4
EditCopy,31996.000000,27002.000000,40371.000000,32500.000000,25872.000000,40053.000000,31442.000000,25872.000000,36331.000000,672.000000,1.000000,0.000000,0.000000,0.000000,1.000000,0.000000,0.000000,0.000000,1.000000,true,100.000000
EndFrame
SetLocation,16.788068,2.292167,9.009440
SetRotation,-0.341985,0.000000,0.939705,-0.052326,0.998448,-0.019043,-0.938247,-0.055683,-0.341455
SetToolParameters,31976,27089,40380,31977,27089,40380,32500,25872,40053,31442,25872,36331,672.000000,4
EditCopy,31976.000000,27089.000000,40380.000000,32500.000000,25872.000000,40053.000000,31442.000000,25872.000000,36331.000000,672.000000,1.000000,0.000000,0.000000,0.000000,1.000000,0.000000,0.000000,0.000000,1.000000,true,100.000000
EndFrame
SetLocation,16.788068,2.292167,9.009440
SetRotation,-0.341985,0.000000,0.939705,-0.052326,0.998448,-0.019043,-0.938247,-0.055683,-0.341455
SetToolParameters,26811,26188,40845,26812,26188,40845,32500,25872,40053,31442,25872,36331,672.000000,4
EditCopy,26811.000000,26188.000000,40845.000000,32500.000000,25872.000000,40053.000000,31442.000000,25872.000000,36331.000000,672.000000,1.000000,0.000000,0.000000,0.000000,1.000000,0.000000,0.000000,0.000000,1.000000,true,100.000000
EndFrame
SetLocation,16.788068,2.292167,9.009440
SetRotation,-0.341985,0.000000,0.939705,-0.052326,0.998448,-0.019043,-0.938247,-0.055683,-0.341455
SetToolParameters,26811,26320,40851,26812,26320,40851,32500,25872,40053,31442,25872,36331,672.000000,4
EditCopy,26811.000000,26320.000000,40851.000000,32500.000000,25872.000000,40053.000000,31442.000000,25872.000000,36331.000000,672.000000,1.000000,0.000000,0.000000,0.000000,1.000000,0.000000,0.000000,0.000000,1.000000,true,100.000000
EndFrame
SetLocation,16.788068,2.292167,9.009440
SetRotation,-0.341985,0.000000,0.939705,-0.052326,0.998448,-0.019043,-0.938247,-0.055683,-0.341455
SetToolParameters,26811,26483,40856,26812,26483,40856,32500,25872,40053,31442,25872,36331,672.000000,4
EditCopy,26811.000000,26483.000000,40856.000000,32500.000000,25872.000000,40053.000000,31442.000000,25872.000000,36331.000000,672.000000,1.000000,0.000000,0.000000,0.000000,1.000000,0.000000,0.000000,0.000000,1.000000,true,100.000000
EndFrame
SetLocation,16.788068,2.292167,9.009440
SetRotation,-0.341985,0.000000,0.939705,-0.052326,0.998448,-0.019043,-0.938247,-0.055683,-0.341455
SetToolParameters,26811,26646,40862,26812,26646,40862,32500,25872,40053,31442,25872,36331,672.000000,4
EditCopy,26811.000000,26646.000000,40862.000000,32500.000000,25872.000000,40053.000000,31442.000000,25872.000000,36331.000000,672.000000,1.000000,0.000000,0.000000,0.000000,1.000000,0.000000,0.000000,0.000000,1.000000,true,100.000000
EndFrame
SetLocation,16.788068,2.292167,9.009440
SetRotation,-0.341985,0.000000,0.939705,-0.052326,0.998448,-0.019043,-0.938247,-0.055683,-0.341455
SetToolParameters,26811,26797,40858,26812,26797,40858,32500,25872,40053,31442,25872,36331,672.000000,4
EditCopy,26811.000000,26797.000000,40858.000000,32500.000000,25872.000000,40053.000000,31442.000000,25872.000000,36331.000000,672.000000,1.000000,0.000000,0.000000,0.000000,1.000000,0.000000,0.000000,0.000000,1.000000,true,100.000000
EndFrame
SetLocation,16.788068,2.292167,9.009440
SetRotation,-0.341985,0.000000,0.939705,-0.052326,0.998448,-0.019043,-0.938247,-0.055683,-0.341455
SetToolParameters,26788,27006,40855,26789,27006,40855,32500,25872,40053,31442,25872,36331,672.000000,4
EditCopy,26788.000000,27006.000000,40855.000000,32500.000000,25872.000000,40053.000000,31442.000000,25872.000000,36331.000000,672.000000,1.000000,0.000000,0.000000,0.000000,1.000000,0.000000,0.000000,0.000000,1.000000,true,100.000000
EndFrame
SetLocation,16.788068,2.292167,9.009440
SetRotation,-0.341985,0.000000,0.939705,-0.052326,0.998448,-0.019043,-0.938247,-0.055683,-0.341455
SetToolParameters,26788,27288,40839,26789,27288,40839,32500,25872,40053,31442,25872,36331,672.000000,4
EditCopy,26788.000000,27288.000000,40839.000000,32500.000000,25872.000000,40053.000000,31442.000000,25872.000000,36331.000000,672.000000,1.000000,0.000000,0.000000,0.000000,1.000000,0.000000,0.000000,0.000000,1.000000,true,100.000000
EndFrame
SetLocation,16.788068,2.292167,9.009440
SetRotation,-0.341985,0.000000,0.939705,-0.052326,0.998448,-0.019043,-0.938247,-0.055683,-0.341455
SetToolParameters,26788,27570,40851,26789,27570,40851,32500,25872,40053,31442,25872,36331,672.000000,4
EditCopy,26788.000000,27570.000000,40851.000000,32500.000000,25872.000000,40053.000000,31442.000000,25872.000000,36331.000000,672.000000,1.000000,0.000000,0.000000,0.000000,1.000000,0.000000,0.000000,0.000000,1.000000,true,100.000000
EndFrame
SetLocation,16.788068,2.292167,9.009440
SetRotation,-0.341985,0.000000,0.939705,-0.052326,0.998448,-0.019043,-0.938247,-0.055683,-0.341455
SetToolParameters,26788,27801,40855,26789,27801,40855,32500,25872,40053,31442,25872,36331,672.000000,4
EditCopy,26788.000000,27801.000000,40855.000000,32500.000000,25872.000000,40053.000000,31442.000000,25872.000000,36331.000000,672.000000,1.000000,0.000000,0.000000,0.000000,1.000000,0.000000,0.000000,0.000000,1.000000,true,100.000000
EndFrame
SetLocation,16.788068,2.292167,9.009440
SetRotation,-0.341985,0.000000,0.939705,-0.052326,0.998448,-0.019043,-0.938247,-0.055683,-0.341455
SetToolParameters,26788,27951,40851,26789,27951,40851,32500,25872,40053,31442,25872,36331,672.000000,4
EditCopy,26788.000000,27951.000000,40851.000000,32500.000000,25872.000000,40053.000000,31442.000000,25872.000000,36331.000000,672.000000,1.000000,0.000000,0.000000,0.000000,1.000000,0.000000,0.000000,0.000000,1.000000,true,100.000000
EndFrame
SetLocation,16.788068,2.292167,9.009440
SetRotation,-0.341985,0.000000,0.939705,-0.052326,0.998448,-0.019043,-0.938247,-0.055683,-0.341455
SetToolParameters,26814,28061,40837,26815,28061,40837,32500,25872,40053,31442,25872,36331,672.000000,4
EditCopy,26814.000000,28061.000000,40837.000000,32500.000000,25872.000000,40053.000000,31442.000000,25872.000000,36331.000000,672.000000,1.000000,0.000000,0.000000,0.000000,1.000000,0.000000,0.000000,0.000000,1.000000,true,100.000000
EndFrame
SetLocation,16.788068,2.292167,9.009440
SetRotation,-0.341985,0.000000,0.939705,-0.052326,0.998448,-0.019043,-0.938247,-0.055683,-0.341455
SetToolParameters,26788,28191,40809,26789,28191,40809,32500,25872,40053,31442,25872,36331,672.000000,4
EditCopy,26788.000000,28191.000000,40809.000000,32500.000000,25872.000000,40053.000000,31442.000000,25872.000000,36331.000000,672.000000,1.000000,0.000000,0.000000,0.000000,1.000000,0.000000,0.000000,0.000000,1.000000,true,100.000000
EndFrame
SetLocation,16.788068,2.292167,9.009440
SetRotation,-0.341985,0.000000,0.939705,-0.052326,0.998448,-0.019043,-0.938247,-0.055683,-0.341455
SetToolParameters,31965,28221,40350,31966,28221,40350,32500,25872,40053,31442,25872,36331,672.000000,4
EditCopy,31965.000000,28221.000000,40350.000000,32500.000000,25872.000000,40053.000000,31442.000000,25872.000000,36331.000000,672.000000,1.000000,0.000000,0.000000,0.000000,1.000000,0.000000,0.000000,0.000000,1.000000,true,100.000000
EndFrame
SetLocation,16.788068,2.292167,9.009440
SetRotation,-0.341985,0.000000,0.939705,-0.052326,0.998448,-0.019043,-0.938247,-0.055683,-0.341455
SetToolParameters,31973,28231,40345,31974,28231,40345,32500,25872,40053,31442,25872,36331,672.000000,4
EditCopy,31973.000000,28231.000000,40345.000000,32500.000000,25872.000000,40053.000000,31442.000000,25872.000000,36331.000000,672.000000,1.000000,0.000000,0.000000,0.000000,1.000000,0.000000,0.000000,0.000000,1.000000,true,100.000000
EndFrame
SetLocation,16.788068,2.292167,9.009440
SetRotation,-0.341985,0.000000,0.939705,-0.052326,0.998448,-0.019043,-0.938247,-0.055683,-0.341455
SetToolParameters,31982,28250,40330,31983,28250,40330,32500,25872,40053,31442,25872,36331,672.000000,4
EditCopy,31982.000000,28250.000000,40330.000000,32500.000000,25872.000000,40053.000000,31442.000000,25872.000000,36331.000000,672.000000,1.000000,0.000000,0.000000,0.000000,1.000000,0.000000,0.000000,0.000000,1.000000,true,100.000000
EndFrame
SetLocation,16.788068,2.292167,9.009440
SetRotation,-0.341985,0.000000,0.939705,-0.052326,0.998448,-0.019043,-0.938247,-0.055683,-0.341455
SetToolParameters,31987,28305,40324,31988,28305,40324,32500,25872,40053,31442,25872,36331,672.000000,4
EditCopy,31987.000000,28305.000000,40324.000000,32500.000000,25872.000000,40053.000000,31442.000000,25872.000000,36331.000000,672.000000,1.000000,0.000000,0.000000,0.000000,1.000000,0.000000,0.000000,0.000000,1.000000,true,100.000000
EndFrame
SetLocation,16.788068,2.292167,9.009440
SetRotation,-0.341985,0.000000,0.939705,-0.052326,0.998448,-0.019043,-0.938247,-0.055683,-0.341455
SetToolParameters,31993,28334,40314,31994,28334,40314,32500,25872,40053,31442,25872,36331,672.000000,4
EditCopy,31993.000000,28334.000000,40314.000000,32500.000000,25872.000000,40053.000000,31442.000000,25872.000000,36331.000000,672.000000,1.000000,0.000000,0.000000,0.000000,1.000000,0.000000,0.000000,0.000000,1.000000,true,100.000000
EndFrame
SetLocation,16.788068,2.292167,9.009440
SetRotation,-0.341985,0.000000,0.939705,-0.052326,0.998448,-0.019043,-0.938247,-0.055683,-0.341455
